length 	A 	U 	C 	G
18 	3514.23596443 	2339.04425996 	855.612255293 	2505.53784442
19 	5079.48391702 	9033.13180385 	1747.52857478 	5402.10739003
20 	6612.60685547 	12409.9658197 	2549.07990713 	14184.2868763
21 	20253.5802991 	45522.6283195 	8693.21369335 	12533.4180716
22 	26590.9868406 	21846.2289691 	9292.34117083 	11397.3141365
23 	37022.2045746 	20755.2258727 	10734.4483408 	20648.0461262
24 	188384.010195 	59649.2206755 	29091.5468131 	48098.4768706
25 	3058.360385 	2564.55330559 	800.863678146 	1892.35950101
26 	1026.22320091 	927.900887792 	387.938380433 	3567.41621142
27 	690.330084593 	728.627053027 	327.032428706 	957.119651656
28 	716.048443702 	641.969501964 	279.567557233 	948.686295872
29 	559.570565652 	695.884234158 	284.128054222 	1203.56605031
30 	820.609962754 	664.090592732 	281.498016782 	1146.53219564
