length 	A 	U 	C 	G
18 	2540.93685875 	1847.09679515 	656.096861452 	2144.89222286
19 	4298.36806278 	6712.07817274 	1656.38055841 	7056.37701635
20 	6145.18863221 	12734.7800437 	2577.88066106 	28003.0227479
21 	18864.2522662 	46018.747422 	7938.30914448 	12284.3696364
22 	24980.9840896 	20377.6157668 	8601.22268627 	11444.2853944
23 	36186.6555859 	19898.3146323 	10058.4542887 	20267.1985977
24 	165120.297342 	53640.4364931 	25484.5280005 	43880.9532786
25 	3122.28579957 	2530.30616884 	983.764864936 	2130.71241995
26 	1372.27354141 	1268.49243364 	587.349135201 	3157.01880731
27 	1019.14301307 	1015.68167432 	505.445879091 	1282.06115159
28 	984.814931588 	1084.11058207 	468.285830696 	1343.27172987
29 	858.60616605 	1226.32453928 	447.638991252 	1401.07883804
30 	1150.170726 	1119.10113795 	434.771836108 	1626.90986914
