rpm
1.28987105235
1.5554327396
0.0379373838926
0.682872910067
1.59337012349
0.113812151678
0.227624303356
1.59337012349
24.8110490658
24.3558004591
12.4055245329
1.0243093651
4.78011037047
0.0379373838926
1.40368320403
0.056906075839
0.56906075839
1.13812151678
3.98342530873
0.341436455034
0.0379373838926
0.0325177576223
0.056906075839
0.113812151678
4.83701644631
14.3403311114
0.0162588788111
0.0487766364334
0.130071030489
0.178847666922
0.0162588788111
0.2926598186
0.0325177576223
0.0650355152445
0.056906075839
7.17016555571
58.1580095074
22.5348060322
0.113812151678
0.227624303356
0.227624303356
2.0486187302
718.382301391
0.170718227517
0.170718227517
1.3088397443
1.78305704295
0.056906075839
0.341436455034
0.682872910067
0.796685061745
0.796685061745
0.170718227517
0.56906075839
0.284530379195
0.113812151678
0.170718227517
6.14585619061
5.12154682551
0.56906075839
0.682872910067
68.4011031584
0.113812151678
4576.27280682
8.19447492081
18.6651928752
128.380107093
77.1646388376
0.682872910067
1771.71376517
0.227624303356
5.34917112886
0.398342530873
19.1773475577
1.99171265436
20.0309386953
9.33259643759
0.227624303356
0.682872910067
147.15911212
0.113812151678
190.749166212
9141.27821062
2.39005518524
0.136574582013
0.0682872910067
0.0227624303356
1.59337012349
0.455248606712
0.341436455034
0.113812151678
0.113812151678
0.0227624303356
0.136574582013
0.0682872910067
0.227624303356
0.0379373838926
0.455248606712
0.493185990604
0.0197934176831
6.82872910067
0.455248606712
9.7878450443
0.113812151678
0.227624303356
0.796685061745
0.341436455034
0.341436455034
3.52817670202
0.227624303356
0.113812151678
1.25193366846
1.82099442685
0.341436455034
0.113812151678
12.4624306087
0.341436455034
0.170718227517
0.284530379195
2.35211780134
2.42799256913
0.113812151678
0.227624303356
0.227624303356
0.113812151678
8.50339361822
351.809619715
0.483701644631
0.531123374497
0.0487766364334
35.5662973993
3.69889492953
31.2983417114
0.625966834229
202.016569228
0.113812151678
0.227624303356
61.3068123705
197.577895313
1.93480657852
8.64972352752
4.89392252215
0.113812151678
0.56906075839
0.341436455034
0.910497213423
0.341436455034
0.113812151678
19.9171265436
0.341436455034
2.56077341275
0.796685061745
98.1629808222
1975.94967136
0.341436455034
3.75580100537
2.67458556443
5.74751365973
0.341436455034
0.284530379195
35.2817670202
3.64198885369
86.8386717302
0.113812151678
1.36574582013
0.682872910067
0.227624303356
0.227624303356
1.25193366846
0.654419872148
0.113812151678
0.113812151678
0.910497213423
5.23535897718
0.341436455034
13.3160217463
89.1718208396
0.796685061745
0.113812151678
0.455248606712
3.30055239866
13.088397443
26.518231341
0.227624303356
1.47955797181
0.113812151678
7.62541416242
86.8386717302
0.113812151678
0.113812151678
0.227624303356
0.455248606712
184.48949787
0.227624303356
11.4381212436
0.113812151678
440.22540269
0.0284530379195
0.0284530379195
0.0487766364334
0.682872910067
0.341436455034
0.341436455034
0.113812151678
0.113812151678
0.113812151678
0.113812151678
1.13812151678
0.796685061745
9.21878428591
340.412145669
0.455248606712
7.28397770739
0.341436455034
0.56906075839
0.056906075839
0.227624303356
0.056906075839
1.76408835101
5.80441973557
0.341436455034
1.0243093651
0.113812151678
0.113812151678
63.0519320296
0.455248606712
0.0650355152445
5.34917112886
66.0110479732
5.46298328054
2.42799256913
0.056906075839
2.35211780134
0.0087547808983
0.0175095617966
1.25193366846
0.341436455034
0.56906075839
0.227624303356
89.1718208396
0.227624303356
0.910497213423
21.5104966671
13.3160217463
0.682872910067
0.113812151678
0.455248606712
0.227624303356
0.113812151678
13485.6018523
694.709373842
47.1182307947
0.113812151678
19.1204414819
421.674021967
5.91823188725
0.967403289262
0.227624303356
1.0243093651
0.227624303356
0.682872910067
66.0110479732
0.227624303356
5.34917112886
0.0650355152445
4.32486176376
0.398342530873
1.70718227517
4.0972374604
1.93480657852
0.113812151678
0.531123374497
351.809619715
0.483701644631
8.50339361822
0.0487766364334
0.227624303356
2.16243088188
0.056906075839
2.56077341275
0.113812151678
3.47127062618
0.284530379195
0.227624303356
0.0650355152445
5.34917112886
66.0110479732
0.170718227517
1.3088397443
718.382301391
0.170718227517
1.78305704295
0.483701644631
47.4596672497
32.6640875316
351.809619715
1.82099442685
8.50339361822
0.0487766364334
20.0309386953
0.398342530873
19.1773475577
1.99171265436
1771.71376517
5.34917112886
0.227624303356
0.398342530873
4.32486176376
0.113812151678
197.577895313
0.113812151678
61.3068123705
0.227624303356
0.227624303356
0.227624303356
3.75580100537
0.341436455034
0.113812151678
2.50386733691
0.113812151678
12.2917123812
3.0729280953
0.512154682551
0.227624303356
12.5193366846
1.28987105235
3.41436455034
1.47955797181
0.227624303356
11.9502759262
0.455248606712
8.50339361822
0.0487766364334
351.809619715
0.0379373838926
0.151749535571
7.17016555571
0.341436455034
36.1922642336
0.113812151678
7.85303846578
0.113812151678
0.967403289262
5.91823188725
10187.2118845
694.709373842
0.113812151678
0.227624303356
1.25193366846
0.56906075839
0.455248606712
0.227624303356
0.455248606712
1.13812151678
1.25193366846
0.113812151678
0.56906075839
4.0972374604
0.910497213423
0.113812151678
0.0682872910067
0.0227624303356
0.136574582013
1.5554327396
0.0379373838926
0.341436455034
5.80441973557
0.682872910067
0.227624303356
0.170718227517
13.771270353
0.56906075839
0.113812151678
0.056906075839
0.170718227517
0.0487766364334
0.130071030489
0.0142265189597
0.2926598186
0.0650355152445
0.178847666922
0.0142265189597
0.0162588788111
0.56906075839
1.36574582013
6.60110479732
0.682872910067
0.284530379195
0.113812151678
0.170718227517
0.56906075839
0.113812151678
0.284530379195
0.056906075839
0.284530379195
25.778452355
1.25193366846
1.36574582013
3.75580100537
0.682872910067
0.113812151678
0.284530379195
3.47127062618
1.25193366846
6.94254125235
0.113812151678
0.455248606712
0.341436455034
0.910497213423
729.649704407
147.15911212
0.227624303356
1.76408835101
0.0487766364334
0.0379373838926
0.493185990604
0.455248606712
1.36574582013
25.0386733691
4038.85182659
37.5580100537
1603.49940499
0.227624303356
94.2364615893
33.0055239866
0.56906075839
0.136574582013
0.0227624303356
1.47955797181
6.60110479732
0.56906075839
0.113812151678
5.46298328054
0.227624303356
2.35211780134
0.056906075839
2.42799256913
4.83701644631
14.3403311114
0.056906075839
0.113812151678
0.455248606712
0.056906075839
0.0379373838926
1.59337012349
0.56906075839
1.70718227517
32.7778996832
2.84530379195
0.455248606712
2.27624303356
2.16243088188
2.84530379195
16.3889498416
0.227624303356
0.0487766364334
0.227624303356
0.455248606712
1.13812151678
6.25966834229
7.62541416242
36.0784520819
0.227624303356
0.056906075839
0.0379373838926
0.56906075839
0.455248606712
3.86961315705
6.14585619061
0.341436455034
1.36574582013
3.18674024698
1.0243093651
1.47955797181
0.113812151678
0.682872910067
0.455248606712
0.455248606712
8.64972352752
4.89392252215
69.9375672061
0.341436455034
3.81270708121
2.0486187302
0.455248606712
69.9375672061
0.341436455034
0.227624303356
0.341436455034
0.113812151678
3.81270708121
0.796685061745
0.341436455034
7.28397770739
0.227624303356
1.13812151678
0.227624303356
0.113812151678
0.796685061745
4.66629821879
2.61767948859
0.341436455034
1.78305704295
3.75580100537
0.341436455034
2.27624303356
0.227624303356
0.0487766364334
0.130071030489
0.178847666922
0.2926598186
0.0162588788111
0.0325177576223
0.0650355152445
0.0162588788111
0.341436455034
0.113812151678
0.682872910067
0.0455248606712
0.227624303356
0.227624303356
0.113812151678
7.68232023826
1.36574582013
511.471809641
0.0379373838926
0.227624303356
0.0758747677853
0.56906075839
0.455248606712
0.113812151678
0.796685061745
7.17016555571
0.056906075839
5.6906075839
61.3068123705
0.227624303356
19.9171265436
8.50339361822
7.17016555571
0.531123374497
351.809619715
0.0487766364334
0.455248606712
0.341436455034
0.227624303356
6.48729264564
87.1801081853
241.623198012
407.447503007
66.0110479732
16.1613255383
2.39005518524
5.34917112886
0.0650355152445
1.13812151678
5.34917112886
0.0650355152445
66.0110479732
30.6154688014
4.21104961208
5.23535897718
0.682872910067
0.682872910067
0.341436455034
0.341436455034
0.056906075839
55.6541421705
0.113812151678
8.08066276913
44.6143634577
93.3259643759
0.0487766364334
0.2926598186
0.0162588788111
0.0487766364334
0.130071030489
0.0325177576223
0.178847666922
0.0650355152445
0.0162588788111
0.0487766364334
0.113812151678
1.36574582013
0.682872910067
217.608834008
18.4375685718
3.75580100537
0.227624303356
0.470423560269
0.0103465592434
0.056906075839
3.41436455034
0.284530379195
29.0220986779
0.056906075839
2.44696126108
0.455248606712
0.398342530873
0.227624303356
1.59337012349
0.341436455034
22.0795574255
1.47955797181
55.0850814121
58.1580095074
19.5756900886
175.953586494
1456.79554148
115.064085346
17.7546956618
0.227624303356
157.971266529
5.91823188725
0.56906075839
0.227624303356
37.6149161295
1.82099442685
0.455248606712
0.113812151678
0.341436455034
1.13812151678
0.227624303356
0.341436455034
53.8331477437
0.910497213423
0.0487766364334
0.151749535571
2.95911594363
90.7841596551
2.0486187302
6.1837935745
0.284530379195
0.0284530379195
0.0284530379195
1.70718227517
0.056906075839
5.34917112886
0.0650355152445
66.0110479732
0.227624303356
0.0284530379195
0.0284530379195
0.341436455034
5.74751365973
98.1629808222
0.284530379195
1975.94967136
2.56077341275
3.75580100537
0.796685061745
2.67458556443
0.341436455034
2.39005518524
0.341436455034
0.113812151678
0.910497213423
0.227624303356
35.5662973993
3.69889492953
2.0486187302
31.2983417114
0.625966834229
202.016569228
0.113812151678
0.227624303356
28.7944743745
0.682872910067
0.113812151678
0.227624303356
0.910497213423
4.43867391544
0.682872910067
1.0243093651
0.0284530379195
0.0284530379195
0.910497213423
1.93480657852
0.455248606712
0.341436455034
0.341436455034
21.3966845154
0.113812151678
180.164636106
0.0487766364334
0.0379373838926
351.809619715
0.151749535571
0.483701644631
8.50339361822
0.682872910067
1.0243093651
0.56906075839
7.85303846578
2.95911594363
0.113812151678
1.13812151678
70.9049704953
0.682872910067
7.39778985906
0.796685061745
0.341436455034
2.61767948859
27.6563528577
0.341436455034
8.08066276913
0.056906075839
55.6541421705
50.19115889
0.113812151678
1.93480657852
0.227624303356
0.0650355152445
0.796685061745
3.98342530873
0.227624303356
0.341436455034
2.27624303356
0.113812151678
0.113812151678
17.5270713584
1.59337012349
0.113812151678
104.251930937
2.95911594363
7.85303846578
90.7841596551
6.1837935745
0.151749535571
0.455248606712
0.113812151678
0.113812151678
119.161322807
0.682872910067
6.14585619061
37.6149161295
0.455248606712
1.82099442685
0.151749535571
2.95911594363
90.7841596551
2.0486187302
0.284530379195
6.1837935745
0.910497213423
3.86961315705
2.84530379195
0.796685061745
2.95911594363
0.455248606712
52.1259654685
1.70718227517
0.455248606712
6.03204403893
3.52817670202
0.00615200819881
0.113812151678
2.67458556443
8.64972352752
3.47127062618
149.776791608
0.113812151678
7.85303846578
0.0682872910067
0.136574582013
0.0227624303356
351.809619715
0.151749535571
0.0487766364334
7.17016555571
0.0379373838926
8.50339361822
0.113812151678
22.3071817289
0.455248606712
0.853591137584
0.455248606712
2.44696126108
0.056906075839
0.398342530873
0.0162588788111
0.0650355152445
0.0487766364334
0.0142265189597
0.0142265189597
0.2926598186
0.130071030489
0.178847666922
0.113812151678
7.28397770739
1.36574582013
1.25193366846
3.30055239866
0.227624303356
0.0758747677853
0.227624303356
0.0379373838926
5.57679543222
0.227624303356
4.55248606712
0.56906075839
0.227624303356
1.47955797181
0.910497213423
0.341436455034
0.113812151678
0.227624303356
0.512154682551
0.113812151678
0.455248606712
12.5193366846
0.113812151678
0.227624303356
0.113812151678
0.341436455034
12.4624306087
0.170718227517
0.284530379195
0.0487766364334
0.455248606712
0.796685061745
0.796685061745
0.113812151678
8.64972352752
0.113812151678
0.113812151678
149.776791608
7.85303846578
3.47127062618
2.67458556443
0.796685061745
0.455248606712
28.6806622228
1.42265189597
0.056906075839
0.113812151678
0.910497213423
0.0284530379195
0.227624303356
1.13812151678
0.455248606712
1.25193366846
0.113812151678
0.455248606712
0.455248606712
3.52817670202
2.0486187302
6.14585619061
0.796685061745
0.796685061745
7.85303846578
2.61767948859
1.59337012349
5.23535897718
1.28987105235
1.5554327396
0.0379373838926
0.341436455034
0.341436455034
0.2926598186
0.0162588788111
0.130071030489
0.0325177576223
0.178847666922
0.0650355152445
0.0487766364334
0.0162588788111
0.470423560269
0.0103465592434
0.455248606712
8.08066276913
63.1657441812
0.113812151678
0.341436455034
1.25193366846
5.23535897718
0.227624303356
1.36574582013
0.796685061745
12.5193366846
2.73149164027
0.455248606712
1.0243093651
15.0232040215
0.682872910067
0.341436455034
0.227624303356
1.47955797181
3.75580100537
0.113812151678
4.66629821879
2.61767948859
167.303862967
3.64198885369
0.056906075839
0.113812151678
2.56077341275
0.113812151678
0.227624303356
0.56906075839
1.47955797181
11.7226516228
1.25193366846
7.28397770739
1.36574582013
234.794468912
0.56906075839
7.96685061745
1.82099442685
1.59337012349
6.37348049396
0.910497213423
0.56906075839
2.27624303356
