rpm
4.84669491999
6.97924068479
0.799704661798
0.0727004237999
0.290801695199
0.508902966599
21.0104224782
1.817510595
0.0311573244857
2.68991568059
1.7448101712
0.436202542799
5.08902966599
12.5044728936
2.181012714
0.581603390399
0.1454008476
0.727004237999
4.07122373279
1.0178059332
0.945105509398
148.381564975
0.0363502118999
11.3049159009
0.799704661798
4.90727860649
0.0363502118999
4.79822797079
17.9570046786
0.0363502118999
0.363502118999
1.6721097474
4.79822797079
0.290801695199
0.0727004237999
11.4866669604
2.3264135616
575.4965548
4.65282712319
0.0727004237999
0.436202542799
0.0727004237999
0.0727004237999
417.695092055
0.0519288741428
19.3383127308
0.708829132049
0.290801695199
0.0363502118999
0.708829132049
19.3383127308
63.6128708249
66.5935882007
8.94215212738
0.0519288741428
417.695092055
25.1785801093
64.8851282414
0.727004237999
0.0727004237999
0.0727004237999
0.2181012714
0.1454008476
0.0363502118999
0.1090506357
0.654303814199
0.0363502118999
20.8286714187
0.0363502118999
3.36845296939
0.0484669491999
0.0727004237999
0.0242334746
0.0727004237999
42.4812809737
0.0103857748286
0.339268644399
3.05341779959
0.1090506357
2.94436716389
0.1090506357
1.1632067808
1.6721097474
21.81012714
0.0727004237999
12.6498737412
0.290801695199
0.1454008476
1.454008476
0.2181012714
0.0727004237999
20.719620783
2.1446625021
14.6854856076
83.2056350389
1.5267088998
2.3264135616
0.0727004237999
11.9228695032
33.0059924051
5.67063305639
281.932243496
44.2018576703
25.2997474823
298.65334097
1.3813080522
2.94436716389
0.1090506357
0.1090506357
0.0363502118999
1.0178059332
0.581603390399
25.1785801093
0.0727004237999
1.1632067808
0.0545253178499
0.0103857748286
0.0817879767748
0.2181012714
0.114243523114
0.0103857748286
0.0727004237999
0.01817510595
0.00908755297498
0.0623146489713
0.01817510595
0.186943946914
0.519288741428
0.0727004237999
17.2300004406
4.84669491999
0.1454008476
0.00908755297498
0.00660912943635
0.0462639060545
0.920872034798
0.00484669491999
0.0727004237999
1.5267088998
0.363502118999
0.363502118999
0.290801695199
1.0178059332
0.2181012714
0.436202542799
0.0727004237999
0.1454008476
9.81455721298
0.617953602299
4.07122373279
5.96143475159
18.902110188
0.472552754699
5719.8512433
0.0727004237999
461.793091977
0.290801695199
1.9992616545
13.0133758602
0.1454008476
17.9570046786
0.1454008476
20.2470680283
138.167155432
0.2181012714
0.1454008476
0.2181012714
0.2181012714
0.545253178499
0.508902966599
0.436202542799
0.1454008476
0.290801695199
0.1454008476
1.9992616545
13.0133758602
0.290801695199
4.79822797079
0.0727004237999
0.0727004237999
0.363502118999
0.0727004237999
68.3383983719
94.7286522112
97.5639687394
5.88873432779
0.0727004237999
1.5994093236
5861.03546632
0.290801695199
0.254451483299
0.290801695199
0.454377648749
4.45895932639
3.87735593599
0.0242334746
0.0242334746
0.0727004237999
0.581603390399
6.03413517539
0.727004237999
0.1454008476
0.0363502118999
2.79896631629
0.0363502118999
0.508902966599
0.1454008476
8.86945170358
0.2181012714
0.1454008476
0.1454008476
27.2626589249
0.1454008476
0.1454008476
0.1454008476
17.2300004406
1.5994093236
0.2181012714
0.290801695199
0.0363502118999
0.1454008476
0.0363502118999
2.79896631629
0.363502118999
4.43472585179
0.290801695199
857.865000838
0.290801695199
0.290801695199
42.4812809737
3.05341779959
0.0727004237999
225.007811661
0.945105509398
27.1172580773
0.0103857748286
0.1454008476
1.0178059332
11.1231648414
53.7983136119
1.7448101712
0.508902966599
0.1454008476
3.12611822339
0.0727004237999
0.290801695199
0.436202542799
0.0727004237999
0.01454008476
0.0436202542799
0.1454008476
0.0121167373
0.0121167373
0.0484669491999
0.436202542799
3.99852330899
4.28932500419
0.454377648749
3.63502118999
0.472552754699
1.5994093236
0.508902966599
0.290801695199
0.0727004237999
0.581603390399
2.94436716389
4.94362881839
11.0504644176
990.506924061
0.1454008476
14.176582641
131.406016018
0.0727004237999
0.0727004237999
0.799704661798
14.4673843362
0.654303814199
0.0727004237999
0.1454008476
6.83383983719
10.8323631462
0.2181012714
0.290801695199
0.0727004237999
0.363502118999
2.68991568059
1.1632067808
7.85164577038
3.19881864719
0.2181012714
0.01817510595
0.0727004237999
0.519288741428
0.0103857748286
0.0103857748286
0.186943946914
0.0727004237999
0.2181012714
0.0103857748286
0.114243523114
0.0623146489713
0.00908755297498
0.124629297943
0.103857748286
0.0727004237999
0.872405085598
1.090506357
0.2181012714
7.99704661798
2.2173629259
1.6357595355
0.399852330899
1.3813080522
9.37835467018
0.908755297498
0.0363502118999
0.1817510595
0.581603390399
0.290801695199
0.0727004237999
0.363502118999
0.0581603390399
0.0272626589249
0.290801695199
2.54451483299
0.436202542799
0.1454008476
12.8679750126
0.1938677968
0.0969338983998
19.3383127308
0.708829132049
0.557369915799
0.0519288741428
417.695092055
0.2181012714
1.3813080522
1.1268565689
0.01817510595
0.1817510595
0.0848171610998
0.0242334746
0.363502118999
0.0727004237999
0.2181012714
0.0727004237999
1.090506357
0.0727004237999
0.908755297498
16.8664983216
0.363502118999
0.508902966599
5.01632924219
8.57865000838
30.8249796911
0.363502118999
1.9629114426
0.0727004237999
2.3264135616
1.5267088998
0.702770763399
1.1147398316
0.0242334746
0.0484669491999
0.339268644399
0.0969338983998
0.327151907099
1.5267088998
0.0727004237999
11.268565689
3.01706758769
50.5994949647
0.1454008476
44.2382078822
0.1454008476
0.1454008476
0.0727004237999
0.121167373
0.0727004237999
37.5134186807
0.0727004237999
0.436202542799
1.7448101712
0.1454008476
0.0055923402923
0.0727004237999
1.9629114426
0.363502118999
1.1389733062
0.0727004237999
0.799704661798
1.2359072046
1.1632067808
0.1454008476
1.8902110188
0.0727004237999
3.01706758769
0.254451483299
0.1090506357
1.817510595
84.2961413959
0.1090506357
0.290801695199
2.1083122902
0.0727004237999
0.0727004237999
1.5994093236
1.2601406792
1.6721097474
0.0727004237999
0.654303814199
0.1454008476
2.0356118664
0.0727004237999
4.72552754699
0.508902966599
0.1454008476
0.2181012714
0.290801695199
99.3814793344
0.1454008476
42.9659504657
0.290801695199
2.3991139854
2.98071737579
0.872405085598
2.76261610439
3.92582288519
0.1454008476
0.363502118999
1.7448101712
1.1632067808
3.05341779959
0.0727004237999
0.1454008476
0.2181012714
0.581603390399
16.8664983216
0.0727004237999
0.908755297498
0.890580191548
0.363502118999
0.1817510595
1.5994093236
1.1632067808
86.8770064408
0.0727004237999
0.654303814199
1.0178059332
0.1454008476
0.508902966599
0.727004237999
3.92582288519
0.0519288741428
15.9698597614
0.0727004237999
417.695092055
19.3383127308
0.290801695199
0.727004237999
0.799704661798
43.8383555513
0.2181012714
23.0460343446
15.1943885742
0.0363502118999
0.363502118999
0.0727004237999
17.0482493811
228.933634546
58.3057398875
0.654303814199
0.1454008476
0.290801695199
0.0727004237999
0.290801695199
19.3383127308
417.695092055
0.0519288741428
0.0727004237999
15.9698597614
18.538608069
2.54451483299
0.436202542799
0.266568220599
0.0363502118999
9.81455721298
0.1454008476
4.28932500419
0.436202542799
0.2181012714
0.581603390399
3.70772161379
0.727004237999
6.54303814199
0.0727004237999
0.2181012714
0.1454008476
0.836054873698
0.763354449898
39.4399799114
0.363502118999
1.8902110188
1.2359072046
1315.40511802
6.61573856579
0.0727004237999
0.836054873698
8.43324916078
0.2181012714
1049.2852167
0.2181012714
902.721162323
20.2834182402
28.7893678247
39.8398322423
0.2181012714
0.0727004237999
0.727004237999
0.290801695199
0.2181012714
2.90801695199
0.0436202542799
0.01454008476
1.454008476
0.0103857748286
0.1454008476
1.2601406792
1.5994093236
1.6721097474
0.1454008476
1.090506357
417.695092055
0.557369915799
19.3383127308
0.1938677968
0.0519288741428
0.708829132049
0.0969338983998
0.0727004237999
0.0727004237999
0.436202542799
0.363502118999
0.2181012714
0.290801695199
21.1558233258
1.3813080522
0.581603390399
1.0178059332
0.0727004237999
1.5267088998
10.9777639938
0.0436202542799
0.01454008476
0.0484669491999
0.0121167373
0.1454008476
0.0121167373
26.6810555345
0.0727004237999
0.654303814199
0.654303814199
70.3740102383
9.66915636538
0.1454008476
2.2173629259
0.1817510595
1.3813080522
0.399852330899
0.908755297498
0.0363502118999
9.37835467018
1.6357595355
0.436202542799
0.436202542799
0.363502118999
0.0727004237999
0.1454008476
0.1090506357
0.1454008476
2.2537131378
0.1454008476
0.0727004237999
0.1454008476
0.0363502118999
2.0356118664
0.836054873698
0.0242334746
0.327151907099
0.0727004237999
3.19881864719
52.9986089501
0.617953602299
0.1090506357
1.0541561451
0.154883511574
174.262915848
1.7448101712
1.0178059332
9.08755297498
0.0727004237999
2.54451483299
0.1454008476
0.436202542799
0.0727004237999
0.290801695199
0.0727004237999
0.0727004237999
1.2601406792
1.6721097474
0.436202542799
0.2181012714
0.0727004237999
0.727004237999
0.0727004237999
5.01632924219
0.01817510595
0.103857748286
0.0727004237999
0.114243523114
0.00908755297498
0.0623146489713
0.124629297943
0.186943946914
0.0103857748286
0.2181012714
0.0103857748286
0.0103857748286
0.519288741428
0.0727004237999
0.339268644399
0.0969338983998
0.0242334746
0.702770763399
1.1147398316
0.0484669491999
1.2359072046
0.1454008476
6.61573856579
0.836054873698
0.0727004237999
1315.40511802
1.8902110188
39.4399799114
0.363502118999
0.763354449898
0.836054873698
0.1454008476
0.0363502118999
0.1817510595
0.1454008476
0.436202542799
0.2181012714
0.1454008476
0.363502118999
0.1817510595
0.1090506357
0.2181012714
0.799704661798
0.1090506357
1.0178059332
9.70550657728
0.0727004237999
0.0727004237999
0.0103857748286
42.4812809737
0.0363502118999
3.05341779959
0.363502118999
0.0727004237999
42.4812809737
3.05341779959
0.0103857748286
0.339268644399
0.0727004237999
1.454008476
0.290801695199
0.0727004237999
0.1817510595
0.01817510595
1.1268565689
0.1454008476
0.0727004237999
0.1454008476
4.84669491999
17.2300004406
0.1454008476
3.48962034239
83.2056350389
1.7448101712
20.719620783
0.2181012714
2.1446625021
14.6854856076
0.0727004237999
3.05341779959
42.4812809737
0.0103857748286
0.339268644399
0.363502118999
0.0121167373
0.0484669491999
0.0121167373
0.363502118999
6.47033771819
0.727004237999
3.36845296939
0.0484669491999
0.0242334746
0.0727004237999
0.0727004237999
0.0727004237999
0.0242334746
0.0727004237999
3.36845296939
0.0484669491999
3.19881864719
0.290801695199
0.1454008476
0.0727004237999
1.3813080522
0.290801695199
3.56232076619
0.1090506357
3.01706758769
0.1090506357
0.254451483299
84.2961413959
1.817510595
0.436202542799
1.090506357
0.2181012714
1.7448101712
0.266568220599
0.0363502118999
0.0223693611692
0.0103857748286
0.0055923402923
0.0167770208769
0.0363502118999
0.1090506357
0.0055923402923
0.1454008476
0.1454008476
0.0727004237999
8.57865000838
0.2181012714
3.92582288519
0.1454008476
0.0519288741428
0.557369915799
417.695092055
0.1938677968
15.9698597614
0.0969338983998
19.3383127308
0.0727004237999
0.0727004237999
0.0363502118999
0.0363502118999
0.1454008476
0.1090506357
0.1817510595
0.0363502118999
15.6669413289
0.01817510595
0.1454008476
0.872405085598
0.727004237999
0.290801695199
0.1817510595
6.43398750629
0.363502118999
0.508902966599
0.1454008476
0.436202542799
3.34421949479
0.654303814199
0.581603390399
0.508902966599
5.45253178499
0.872405085598
17.3754012882
11.995569927
0.436202542799
0.363502118999
1.5994093236
440.928070346
22.4644309542
5.16173008979
0.508902966599
0.0727004237999
0.0727004237999
25.1785801093
64.8851282414
0.290801695199
4.28932500419
0.0363502118999
0.1454008476
0.1454008476
9.81455721298
68.2656979481
0.581603390399
4.43472585179
0.363502118999
0.290801695199
289.85658969
1.2359072046
0.363502118999
0.363502118999
8.06974704178
105.052112391
0.2181012714
0.436202542799
3.41691991859
4.87092839459
0.01454008476
0.0436202542799
0.290801695199
1.3813080522
3.92582288519
1.454008476
0.0727004237999
2.0356118664
25.5905491775
2.1083122902
0.1454008476
0.2181012714
1.2359072046
0.290801695199
0.2181012714
1.090506357
1.5267088998
0.0462639060545
0.00908755297498
0.00484669491999
0.920872034798
0.00484669491999
0.00660912943635
0.581603390399
0.508902966599
1.2359072046
3.70772161379
0.2181012714
25.1543466347
10.3961606034
188.803000608
4.87092839459
7.27004237999
0.2181012714
0.0727004237999
255.760090928
2.94436716389
990.506924061
2.3991139854
4.79822797079
0.290801695199
131.406016018
3.56232076619
8.65135043218
0.1454008476
4.36202542799
0.0727004237999
0.0242334746
0.0484669491999
0.1454008476
0.0727004237999
0.0727004237999
2.181012714
0.0103857748286
0.0363502118999
42.4812809737
3.05341779959
0.1454008476
17.9570046786
148.381564975
11.3049159009
0.799704661798
4.90727860649
0.0363502118999
0.0363502118999
0.0363502118999
4.79822797079
0.0121167373
0.0121167373
0.0484669491999
0.0727004237999
38.0950220711
41.9844947444
0.0727004237999
0.1454008476
1.8902110188
138.167155432
20.2470680283
0.0727004237999
0.1454008476
1.454008476
0.872405085598
11.9228695032
0.0727004237999
0.0727004237999
48.4911826745
0.436202542799
0.581603390399
2.90801695199
173.463211186
14.0311817934
8.86945170358
1.7448101712
13.2314771316
9.66915636538
0.727004237999
7.27004237999
0.0727004237999
0.0727004237999
13.4132281911
0.0363502118999
0.1090506357
0.1454008476
0.727004237999
0.0727004237999
0.2181012714
44.2382078822
0.327151907099
0.1454008476
0.363502118999
3.01706758769
6.43398750629
0.1817510595
0.0103857748286
0.00908755297498
0.114243523114
0.124629297943
0.519288741428
0.0727004237999
0.0103857748286
0.0623146489713
0.103857748286
0.2181012714
0.186943946914
0.01817510595
0.0103857748286
0.0727004237999
0.2181012714
1.1632067808
0.519288741428
0.01817510595
0.0103857748286
0.00908755297498
0.0103857748286
0.0727004237999
0.0727004237999
0.124629297943
0.0103857748286
0.0623146489713
0.114243523114
0.2181012714
0.186943946914
0.103857748286
0.545253178499
2.3264135616
0.0484669491999
0.01817510595
0.1090506357
15.6669413289
0.0363502118999
0.1817510595
0.1454008476
0.363502118999
0.2181012714
0.254451483299
0.290801695199
0.01454008476
1.5267088998
43.1840517371
15.0489877266
0.436202542799
0.0727004237999
0.0242334746
0.0242334746
4.65282712319
0.472552754699
3.63502118999
3.87735593599
0.454377648749
4.45895932639
0.454377648749
4.45895932639
3.87735593599
0.363502118999
0.290801695199
1.0178059332
0.0727004237999
0.1454008476
0.0727004237999
0.0727004237999
2.61721525679
1.3086076284
1.3813080522
2.0356118664
195.418739174
15.7759919646
5375.10583364
461.793091977
0.472552754699
4.50742627559
0.0727004237999
0.0727004237999
0.2181012714
1.0178059332
0.1817510595
0.1090506357
0.799704661798
0.2181012714
0.1090506357
9.70550657728
0.508902966599
0.363502118999
13.4132281911
0.0727004237999
0.0363502118999
0.581603390399
0.1454008476
0.1454008476
118.792492489
0.0727004237999
22.173629259
0.945105509398
3.70772161379
3.63502118999
0.363502118999
0.1454008476
0.290801695199
0.0727004237999
41.9844947444
2519.43318678
0.508902966599
0.2181012714
34.8962034239
4.65282712319
0.0242334746
0.0242334746
0.0363502118999
0.945105509398
0.0727004237999
0.581603390399
1.9629114426
0.290801695199
0.363502118999
0.0727004237999
0.363502118999
1.0178059332
0.290801695199
0.0727004237999
0.1454008476
0.00727004237999
0.0746653001188
0.00605836864999
0.0255433921459
0.001817510595
0.0363502118999
0.00186411343077
0.00372822686153
0.363502118999
0.0727004237999
0.0727004237999
0.1454008476
0.0727004237999
0.363502118999
37.5134186807
0.0727004237999
0.0727004237999
0.121167373
0.121167373
0.508902966599
0.519288741428
0.0103857748286
0.01817510595
0.0545253178499
0.01817510595
0.186943946914
0.0623146489713
0.114243523114
0.2181012714
0.0817879767748
0.00908755297498
0.0727004237999
0.0103857748286
0.0727004237999
0.0727004237999
0.799704661798
0.0727004237999
0.2181012714
0.0242334746
4.65282712319
0.0242334746
