rpm
3.92648532144
2.56731732556
19.1793706086
1.81222399451
0.755093331046
0.377546665523
0.755093331046
6.26727464768
0.377546665523
1.35916799588
0.151018666209
0.906111997255
0.528565331732
0.604074664837
0.151018666209
0.0755093331046
2.26527999314
1.73671466141
0.453055998628
0.679583997941
0.151018666209
5.05912531801
0.604074664837
3.77546665523
0.0755093331046
0.604074664837
0.302037332418
0.302037332418
1.28365866278
8.3060266415
2.34078932624
0.151018666209
0.302037332418
2.49180799245
0.679583997941
20.3875199382
0.0755093331046
0.679583997941
2.03875199382
0.377546665523
1.5856959952
3.39791998971
49.7606505159
2.56731732556
0.0755093331046
0.151018666209
0.377546665523
1.5856959952
0.604074664837
0.528565331732
0.377546665523
0.755093331046
0.151018666209
0.302037332418
4.53055998628
0.0755093331046
0.0755093331046
0.302037332418
4.83259731869
0.151018666209
0.0755093331046
0.755093331046
20.3875199382
23.2568745962
0.151018666209
9.21213863876
1.05713066346
122.325119629
0.0755093331046
0.604074664837
0.151018666209
0.176188443911
0.0755093331046
0.415301332075
1.7115448837
0.0503395554031
0.377546665523
0.113263999657
0.679583997941
0.113263999657
0.0377546665523
0.151018666209
0.377546665523
0.226527999314
0.453055998628
1.35916799588
4977.72625692
1.88773332761
175.710218134
0.679583997941
29.1466025784
0.226527999314
1.35916799588
0.302037332418
0.226527999314
0.302037332418
0.0755093331046
0.377546665523
0.0755093331046
0.0755093331046
1.73671466141
0.302037332418
0.151018666209
0.151018666209
0.0755093331046
0.453055998628
2.26527999314
1.686375106
1.35916799588
0.679583997941
1.5856959952
9.36315730497
0.226527999314
0.302037332418
0.0755093331046
0.377546665523
0.0755093331046
0.151018666209
0.151018666209
0.377546665523
1.81222399451
0.453055998628
0.0755093331046
0.151018666209
1.43467732899
0.755093331046
0.0755093331046
0.98162133036
2.64282665866
0.377546665523
3.2469013235
3.09588265729
4.30403198696
0.377546665523
1.6612053283
0.302037332418
0.302037332418
0.0755093331046
0.0755093331046
52.5544958408
0.0755093331046
0.528565331732
0.604074664837
1.96324266072
1.28365866278
3.39791998971
0.302037332418
2.11426132693
0.528565331732
0.302037332418
8.68357330703
0.604074664837
0.302037332418
4.53055998628
0.98162133036
0.0755093331046
0.151018666209
0.0755093331046
0.679583997941
0.151018666209
0.377546665523
0.151018666209
0.0755093331046
0.226527999314
0.0755093331046
0.98162133036
0.453055998628
0.151018666209
0.151018666209
0.0755093331046
0.906111997255
0.453055998628
0.377546665523
0.0755093331046
0.0755093331046
2.56731732556
8.3060266415
0.0755093331046
0.0755093331046
0.302037332418
0.0755093331046
2.49180799245
0.98162133036
0.0755093331046
0.226527999314
2.18977066003
55.0463038332
0.0377546665523
3.02037332418
5.05912531801
1.81222399451
1.13263999657
21.1426132693
0.151018666209
0.679583997941
8.38153597461
0.0755093331046
0.226527999314
0.151018666209
0.755093331046
0.83060266415
0.604074664837
10.797834634
0.453055998628
2.11426132693
0.302037332418
0.0755093331046
0.302037332418
0.302037332418
8.91010130634
0.755093331046
0.151018666209
3.47342932281
0.0755093331046
0.453055998628
0.679583997941
0.302037332418
0.151018666209
1.05713066346
0.453055998628
0.377546665523
0.151018666209
0.151018666209
0.0755093331046
0.151018666209
0.302037332418
0.0755093331046
0.226527999314
2.49180799245
1.88773332761
2.49180799245
0.0755093331046
3.85097598833
0.0755093331046
1.43467732899
0.151018666209
0.528565331732
0.151018666209
84.7969810765
0.377546665523
3.77546665523
0.0755093331046
10.2692693022
1.73671466141
0.151018666209
0.0755093331046
0.377546665523
0.151018666209
0.226527999314
0.302037332418
0.83060266415
0.528565331732
0.0755093331046
0.151018666209
0.302037332418
0.226527999314
0.755093331046
0.528565331732
2.71833599177
0.226527999314
2.64282665866
0.679583997941
0.0755093331046
0.0755093331046
0.604074664837
0.679583997941
0.453055998628
5.51218131664
0.0755093331046
0.226527999314
0.151018666209
0.151018666209
2.94486399108
34.2812372295
8.38153597461
16.9895999485
0.226527999314
0.0755093331046
0.0755093331046
0.528565331732
0.906111997255
0.83060266415
0.453055998628
0.226527999314
0.302037332418
0.453055998628
0.0755093331046
0.226527999314
2.34078932624
0.415301332075
0.528565331732
0.302037332418
0.0755093331046
0.226527999314
2.64282665866
0.100679110806
27.2588692508
5.96523731526
0.302037332418
0.100679110806
0.0755093331046
2.79384532487
4.05233420995
0.100679110806
0.201358221612
0.0755093331046
0.0503395554031
0.0755093331046
2.71833599177
0.98162133036
1.05713066346
136.747402252
0.0755093331046
3.2469013235
115.302751651
1.43467732899
0.528565331732
7.47542397735
0.151018666209
0.226527999314
0.604074664837
0.453055998628
1.35916799588
3.02037332418
0.151018666209
0.0755093331046
0.302037332418
3.39791998971
0.0755093331046
0.0755093331046
0.0755093331046
1.28365866278
0.0755093331046
0.0755093331046
1.73671466141
0.302037332418
1.7115448837
0.176188443911
0.453055998628
0.415301332075
0.679583997941
0.83060266415
0.0755093331046
0.0503395554031
0.377546665523
0.151018666209
0.0755093331046
0.226527999314
0.377546665523
0.377546665523
2.18977066003
0.528565331732
0.0755093331046
1.6612053283
0.0755093331046
7.77746130977
0.377546665523
0.0755093331046
0.151018666209
0.151018666209
0.0755093331046
0.0755093331046
0.0755093331046
0.226527999314
0.0755093331046
0.226527999314
4.9836159849
0.0755093331046
0.151018666209
0.0755093331046
17.5181652803
0.0755093331046
0.151018666209
1.20814932967
0.151018666209
13.6671892919
0.151018666209
0.0755093331046
0.176188443911
0.679583997941
0.151018666209
1.7115448837
0.113263999657
0.377546665523
0.0755093331046
0.0503395554031
0.415301332075
0.113263999657
0.0377546665523
0.226527999314
3.85097598833
0.302037332418
3.92648532144
1.96324266072
0.151018666209
0.226527999314
367.956980219
5.51218131664
7.62644264356
0.151018666209
0.0755093331046
0.151018666209
1.43467732899
0.226527999314
0.0755093331046
0.0755093331046
1.13263999657
1.13263999657
0.226527999314
0.0755093331046
0.0755093331046
0.453055998628
0.302037332418
0.0755093331046
0.151018666209
9.8917226367
0.604074664837
0.377546665523
1.5856959952
0.151018666209
0.226527999314
0.151018666209
1.43467732899
0.0755093331046
0.0755093331046
0.151018666209
8.38153597461
0.98162133036
0.226527999314
0.604074664837
271.002996512
0.0755093331046
0.226527999314
0.151018666209
0.226527999314
1.35916799588
1.686375106
0.0755093331046
0.151018666209
0.83060266415
0.226527999314
0.226527999314
0.0755093331046
0.151018666209
0.151018666209
0.226527999314
1.13263999657
2.56731732556
0.755093331046
0.151018666209
0.0503395554031
0.176188443911
8.38153597461
25.6731732556
23.7099305948
39.6423998799
0.32720711012
0.302037332418
0.679583997941
0.302037332418
0.377546665523
0.226527999314
0.0755093331046
1.51018666209
8.1550079753
0.0755093331046
0.453055998628
0.151018666209
0.0755093331046
0.906111997255
0.679583997941
0.377546665523
0.453055998628
0.302037332418
0.302037332418
0.0755093331046
0.151018666209
1.96324266072
0.0755093331046
0.0755093331046
0.0755093331046
0.226527999314
0.0755093331046
0.151018666209
0.679583997941
0.377546665523
0.302037332418
0.0755093331046
0.0755093331046
0.377546665523
0.377546665523
9.21213863876
0.604074664837
0.377546665523
0.151018666209
4.53055998628
0.528565331732
0.0755093331046
0.377546665523
0.377546665523
0.0755093331046
0.679583997941
1.73671466141
0.302037332418
14.7998292885
1.13263999657
0.151018666209
0.302037332418
0.0755093331046
0.679583997941
0.0755093331046
3.77546665523
0.226527999314
0.0755093331046
1.13263999657
0.755093331046
0.226527999314
0.0755093331046
0.0755093331046
0.0755093331046
0.0755093331046
0.0755093331046
1.35916799588
0.377546665523
0.0755093331046
0.151018666209
0.0755093331046
1.96324266072
0.453055998628
0.302037332418
0.604074664837
0.943866663807
0.679583997941
0.151018666209
1.5856959952
5.21014398422
0.226527999314
0.0377546665523
13.742698625
0.377546665523
11.7794559643
0.226527999314
0.226527999314
2.94486399108
0.83060266415
6.94685864562
3.39791998971
0.83060266415
0.604074664837
0.302037332418
0.528565331732
0.151018666209
305.133215076
6.5693119801
0.0755093331046
11.7794559643
3.2469013235
0.151018666209
0.226527999314
0.528565331732
0.755093331046
0.377546665523
1.17039466312
0.83060266415
12.3835306292
0.226527999314
1.47243199554
0.679583997941
8.60806397392
0.0755093331046
0.83060266415
1.05713066346
0.226527999314
10.7223253009
0.151018666209
0.679583997941
0.226527999314
1.686375106
1.35916799588
