rpm
0.984714765059
10.0933263419
0.246178691265
4.9235738253
10.0933263419
1.47707214759
0.49235738253
10.0933263419
0.49235738253
1.96942953012
1.23089345632
2.21560822138
0.246178691265
1.23089345632
46.2815939578
0.246178691265
1.47707214759
0.738536073795
0.246178691265
1.72325083885
2.21560822138
0.738536073795
2.70796560391
0.738536073795
3.20032298644
0.49235738253
7.87771812047
4.43121644277
4.9235738253
0.246178691265
7.87771812047
0.738536073795
0.49235738253
3.93885906024
40.1271266762
246.917227339
0.984714765059
1.72325083885
4.67739513403
0.49235738253
14.0321854021
0.0820595637549
0.0820595637549
0.410297818775
0.820595637549
15.7554362409
102.656514257
1.31295302008
0.738536073795
0.16411912751
16.083674496
0.738536073795
0.738536073795
3.93885906024
31.7570511732
369.76039428
15.7554362409
10.5856837244
2.46178691265
0.984714765059
5.90828859036
199.650918616
1.96942953012
0.123089345632
0.984714765059
0.246178691265
7.87771812047
0.246178691265
0.49235738253
0.49235738253
7.13918204668
1.72325083885
48.7433808704
32.7417659382
0.246178691265
33.9726593945
2.95414429518
0.246178691265
8.61625419427
4.43121644277
3.93885906024
2.70796560391
1.72325083885
0.123089345632
0.49235738253
0.16411912751
0.0820595637549
1.06677432881
0.32823825502
0.246178691265
0.246178691265
4.26709731526
7.13918204668
3.20032298644
3.44650167771
0.49235738253
0.738536073795
6.40064597289
0.246178691265
0.738536073795
0.49235738253
0.738536073795
1.47707214759
0.246178691265
0.246178691265
0.49235738253
0.49235738253
1.47707214759
0.246178691265
0.984714765059
4.67739513403
0.984714765059
1.47707214759
2.95414429518
6.15446728162
0.246178691265
2.46178691265
0.49235738253
0.246178691265
0.246178691265
3.69268036897
43.5736283539
9.35479026806
0.984714765059
0.246178691265
5.90828859036
3.20032298644
0.49235738253
0.246178691265
0.49235738253
0.246178691265
1.23089345632
0.246178691265
1.47707214759
1.23089345632
0.738536073795
8.86243288553
0.246178691265
1.96942953012
0.738536073795
5.41593120783
0.49235738253
0.246178691265
0.49235738253
3.69268036897
37.4191610723
2.70796560391
12.8012919458
1.23089345632
28.5567281867
0.738536073795
2.70796560391
2.21560822138
0.246178691265
0.246178691265
0.984714765059
0.49235738253
0.246178691265
0.246178691265
20.9251887575
2.21560822138
0.984714765059
1.47707214759
0.738536073795
0.49235738253
3.69268036897
0.738536073795
0.246178691265
0.984714765059
0.49235738253
0.246178691265
0.246178691265
0.49235738253
0.246178691265
17.2325083885
0.738536073795
38.1576971461
2.46178691265
0.246178691265
1.72325083885
0.246178691265
0.49235738253
6.15446728162
0.738536073795
2.21560822138
3.44650167771
0.49235738253
0.738536073795
3.44650167771
28.0643708042
0.49235738253
23.1407969789
0.738536073795
2.33869756702
0.49235738253
0.49235738253
0.984714765059
1.96942953012
1.47707214759
0.49235738253
0.738536073795
8.61625419427
2.21560822138
466.508619947
0.738536073795
3.44650167771
3.20032298644
0.246178691265
2.21560822138
2.70796560391
0.984714765059
1.47707214759
1.47707214759
15.0169001672
0.49235738253
319.29376257
0.246178691265
7.38536073795
13.2936493283
0.246178691265
4.1850377515
3.20032298644
111.272768452
32.9879446295
0.246178691265
2.95414429518
0.246178691265
25.3564052003
11.8165771807
0.984714765059
0.246178691265
0.49235738253
0.0820595637549
0.16411912751
0.369268036897
1.06677432881
4.26709731526
0.32823825502
0.984714765059
1.23089345632
0.984714765059
0.738536073795
10.5856837244
0.246178691265
0.246178691265
4027.97574648
0.246178691265
101.917978184
0.246178691265
0.246178691265
0.369268036897
0.49235738253
0.246178691265
4.26709731526
1.06677432881
0.16411912751
0.0820595637549
0.32823825502
0.246178691265
0.738536073795
3.69268036897
0.49235738253
0.246178691265
0.49235738253
0.738536073795
4.9235738253
0.49235738253
2.46178691265
46.0354152665
10.3395050331
27.5720134217
0.49235738253
3.20032298644
11.0780411069
0.246178691265
0.49235738253
0.246178691265
0.246178691265
0.49235738253
7.87771812047
0.738536073795
3.93885906024
1.23089345632
2.21560822138
6.40064597289
4.67739513403
0.49235738253
2.46178691265
15.0169001672
0.984714765059
2217.57765091
17.2325083885
9.60096895933
24.125511744
0.246178691265
1.23089345632
19.6942953012
0.49235738253
0.49235738253
1.23089345632
0.49235738253
0.246178691265
0.246178691265
0.246178691265
0.246178691265
1.23089345632
1.23089345632
0.246178691265
0.246178691265
9.60096895933
0.246178691265
0.738536073795
0.246178691265
0.49235738253
2.70796560391
0.49235738253
10.0933263419
0.738536073795
9.84714765059
161.985578852
7.87771812047
0.984714765059
2.95414429518
0.246178691265
0.738536073795
0.246178691265
7.87771812047
0.738536073795
6.40064597289
0.738536073795
3.44650167771
0.246178691265
3.93885906024
0.49235738253
0.246178691265
0.738536073795
1.23089345632
33.2341233208
180.94133808
0.49235738253
0.738536073795
13.7860067108
7.38536073795
0.738536073795
0.738536073795
0.738536073795
3.20032298644
0.49235738253
64.7449958027
0.49235738253
37.172982381
0.49235738253
2.70796560391
8.12389681174
36.6806249985
4.1850377515
92.5631879156
0.984714765059
0.246178691265
0.246178691265
0.738536073795
2.21560822138
1.23089345632
9.84714765059
0.49235738253
5.16975251656
1.23089345632
1.96942953012
6.89300335542
21.9099035226
0.246178691265
7.38536073795
0.49235738253
0.49235738253
2.21560822138
62.28320889
66.7144253328
0.0820595637549
59.8214219774
3.52856124146
0.246178691265
0.984714765059
0.49235738253
19.4481166099
0.49235738253
5.66210989909
5.41593120783
7.38536073795
0.246178691265
4.1850377515
23.1407969789
4.9235738253
0.246178691265
0.738536073795
35.6959102334
4.1850377515
1.47707214759
0.49235738253
1.72325083885
0.49235738253
7.87771812047
0.246178691265
0.246178691265
0.984714765059
4.9235738253
0.246178691265
0.246178691265
3.20032298644
1.23089345632
