rpm
1.20814932967
1.05713066346
0.0755093331046
1.28365866278
5.66319998284
0.0188773332761
1.86256354991
1.88773332761
0.377546665523
0.151018666209
0.226527999314
0.679583997941
3.85097598833
6.53155731355
0.0755093331046
0.0755093331046
0.0755093331046
0.0107870475864
0.755093331046
0.100679110806
0.0125848888508
0.0125848888508
3.68107998885
0.0431481903455
0.0755093331046
275.004991167
0.0755093331046
0.553735109434
11.6931595836
0.151018666209
0.226527999314
0.0215740951727
6.45604798044
0.302037332418
54.4044745019
0.302037332418
0.528565331732
0.377546665523
3.3224106566
0.151018666209
0.151018666209
0.302037332418
0.83060266415
1.05713066346
2.41629865935
4.07750398765
0.641829331389
0.302037332418
15.1018666209
0.0755093331046
18.5752959437
40.0199465454
0.755093331046
1.05713066346
0.0755093331046
0.0377546665523
0.528565331732
0.0377546665523
0.641829331389
0.0377546665523
1.01937599691
0.604074664837
3.47342932281
0.0377546665523
0.151018666209
0.98162133036
1.05713066346
3.77546665523
0.0377546665523
0.0755093331046
0.0377546665523
2.56731732556
3.77546665523
26.5792852528
15.9324692851
78.9827624274
2.56731732556
0.528565331732
3.54893865592
0.0755093331046
0.0755093331046
0.377546665523
2.39112888165
23.2568745962
0.0107870475864
0.528565331732
0.0755093331046
141.126943572
38.8873065489
2.49180799245
0.226527999314
0.83060266415
0.0755093331046
0.0755093331046
11.6931595836
0.0431481903455
0.0755093331046
275.004991167
3.68107998885
0.553735109434
0.755093331046
4.83259731869
0.83060266415
0.0755093331046
0.151018666209
0.0755093331046
1.28365866278
0.151018666209
0.0377546665523
0.113263999657
24.6160425921
0.0755093331046
0.226527999314
0.226527999314
18.5752959437
4.65640887478
0.0755093331046
0.604074664837
0.0755093331046
0.151018666209
1.73671466141
0.339791998971
57.5381118257
0.0755093331046
0.453055998628
0.113263999657
0.0377546665523
0.276867554717
26.5415305863
0.151018666209
44.7015251979
40.6995305434
11.6931595836
5.96523731526
0.0431481903455
3.68107998885
275.004991167
0.226527999314
0.0755093331046
1.86256354991
0.0377546665523
0.0755093331046
0.0377546665523
1.88773332761
1.81222399451
0.906111997255
0.377546665523
0.226527999314
0.906111997255
0.709787731183
0.00503395554031
0.00686448482769
0.00471933331904
0.00539352379319
0.291250284832
0.11865752345
0.2373150469
0.0539352379319
0.172592761382
0.11865752345
0.00943866663807
0.0471933331904
0.0215740951727
0.086296380691
0.11865752345
0.0647222855182
0.0107870475864
0.302037332418
131.386239602
6.87134931252
14.4977919561
4.49280531972
4.49280531972
0.49081066518
4.37954132007
0.604074664837
2.41629865935
0.906111997255
2.71833599177
2.79384532487
0.0755093331046
0.453055998628
0.0755093331046
0.0755093331046
2.03875199382
4.79484265214
0.98162133036
0.377546665523
0.113263999657
0.264282665866
0.0377546665523
0.00580841023881
0.0755093331046
0.0755093331046
0.0755093331046
2.64282665866
0.0755093331046
0.0377546665523
0.0755093331046
0.151018666209
0.0755093331046
0.0107870475864
0.0116168204776
0.0125848888508
0.00539352379319
0.00580841023881
0.226527999314
5.13463465111
1.35916799588
0.0755093331046
1.13263999657
17.2161279478
40.397493211
0.226527999314
0.0755093331046
0.151018666209
0.226527999314
0.302037332418
0.151018666209
0.528565331732
0.755093331046
0.302037332418
75.3583144384
5706.61784938
87.6663357344
83.3623037475
6.6448213132
0.0755093331046
23.2568745962
1.51018666209
0.151018666209
0.0251697777015
0.0755093331046
0.113263999657
1.39692266243
0.49081066518
0.0377546665523
0.0755093331046
0.291250284832
0.11865752345
0.11865752345
0.0647222855182
0.11865752345
0.0107870475864
0.086296380691
0.0539352379319
0.2373150469
0.00943866663807
0.0215740951727
0.172592761382
0.0471933331904
0.0251697777015
1.81222399451
0.755093331046
693.704243232
0.113263999657
0.528565331732
5965.23731526
5.21014398422
17.4426559472
2.79384532487
0.188773332761
0.113263999657
13.5539252923
0.113263999657
0.0755093331046
0.0755093331046
0.251697777015
0.0251697777015
38.8873065489
0.0107870475864
2.39112888165
0.302037332418
0.0431481903455
3.68107998885
275.004991167
11.6931595836
0.151018666209
7.77746130977
0.0755093331046
0.0755093331046
3.28465599005
31.5629012377
5.05912531801
0.226527999314
5.66319998284
0.302037332418
4.49280531972
6.87134931252
0.49081066518
4.49280531972
14.4977919561
131.386239602
0.151018666209
0.151018666209
0.100679110806
0.100679110806
0.0604074664837
0.0151018666209
0.0302037332418
8.53255464082
4.60606931938
0.0755093331046
0.906111997255
0.151018666209
0.151018666209
0.302037332418
44.6637705314
31.9152781255
0.604074664837
1.05713066346
0.0755093331046
31.1098452391
1.5856959952
0.339791998971
0.641829331389
3.09588265729
0.0755093331046
8.07949864219
0.98162133036
0.226527999314
0.0755093331046
0.0755093331046
0.0755093331046
0.755093331046
8.83459197324
0.0755093331046
0.113263999657
0.641829331389
0.0755093331046
0.0377546665523
7.85297064288
0.83060266415
6.34278398079
7.09787731183
0.377546665523
20.6140479376
0.226527999314
0.528565331732
0.0755093331046
5.51218131664
114.54765832
1214.83190565
6.41829331389
0.0755093331046
17.1406186147
0.113263999657
0.377546665523
2.41629865935
2.86935465797
298.110847097
31.3363732384
0.0755093331046
8.53255464082
0.377546665523
0.302037332418
15.6304319527
64.6359891375
4.53055998628
0.226527999314
0.755093331046
4.9836159849
0.755093331046
0.0755093331046
0.377546665523
1.05713066346
0.0755093331046
0.679583997941
0.0188773332761
3.92648532144
0.377546665523
246.840009919
6.49380264699
1.35916799588
0.302037332418
25.7486825887
16.9895999485
0.0755093331046
0.0755093331046
1.81222399451
0.0755093331046
1.88773332761
0.0377546665523
1.86256354991
0.0604074664837
0.0302037332418
0.0151018666209
0.0251697777015
1.81222399451
0.11865752345
0.113263999657
0.11865752345
0.0647222855182
0.0471933331904
0.0471933331904
0.00943866663807
0.0215740951727
0.172592761382
0.0107870475864
0.2373150469
0.291250284832
0.0604074664837
0.00943866663807
0.0151018666209
0.151018666209
0.0755093331046
0.453055998628
0.377546665523
0.377546665523
0.98162133036
4.53055998628
0.755093331046
0.528565331732
0.0755093331046
0.113263999657
0.188773332761
13.5539252923
0.113263999657
0.226527999314
0.0755093331046
0.0755093331046
26.5415305863
0.276867554717
0.151018666209
0.0377546665523
0.453055998628
0.0755093331046
57.5381118257
0.113263999657
0.339791998971
1.73671466141
0.0755093331046
0.151018666209
0.0604074664837
0.0302037332418
0.0151018666209
0.0755093331046
0.226527999314
0.83060266415
1.20814932967
1.13263999657
0.151018666209
0.302037332418
0.0755093331046
0.717338664494
14.8375839551
39.1138345482
0.377546665523
3.17139199039
0.0755093331046
1.5856959952
9.96723196981
4.07750398765
0.641829331389
1.05713066346
21.1426132693
11.7039466312
0.151018666209
0.453055998628
0.604074664837
0.0755093331046
0.0755093331046
16.7630719492
2.41629865935
80.115402424
0.226527999314
17.706938613
0.377546665523
0.377546665523
0.226527999314
0.0755093331046
0.302037332418
0.302037332418
0.302037332418
0.0188773332761
0.0755093331046
3.39791998971
0.226527999314
0.0755093331046
0.0755093331046
0.755093331046
0.0755093331046
0.0755093331046
0.226527999314
0.0755093331046
0.226527999314
0.226527999314
0.151018666209
25.2201172569
182.128511448
0.377546665523
38.8873065489
0.0107870475864
2.39112888165
0.0251697777015
0.251697777015
0.151018666209
3.09588265729
0.226527999314
8.91010130634
0.151018666209
0.0251697777015
0.0125848888508
0.0377546665523
0.0125848888508
0.00539352379319
0.00686448482769
0.00503395554031
0.709787731183
0.00471933331904
0.0755093331046
0.0755093331046
45.2300905296
55.4993598319
0.0755093331046
11.2508906326
1.51018666209
417.264574736
31.3363732384
4.9836159849
369.69369488
0.0188773332761
0.151018666209
3.77546665523
0.604074664837
13.1386239602
94.9152317125
0.188773332761
0.0755093331046
35.7914238916
0.377546665523
0.0755093331046
0.151018666209
0.0755093331046
9.58968530428
0.377546665523
0.98162133036
0.0755093331046
1.51018666209
5.81421864905
6.46863286929
0.83060266415
0.377546665523
5.46184176123
0.0755093331046
0.604074664837
0.0755093331046
1.81222399451
0.0251697777015
2.64282665866
1.13263999657
0.226527999314
1.73671466141
0.101773448967
2.41629865935
0.0755093331046
112.055850327
0.377546665523
0.151018666209
0.302037332418
0.0755093331046
0.226527999314
0.151018666209
0.453055998628
2.39112888165
38.8873065489
0.0251697777015
0.251697777015
0.0107870475864
0.0755093331046
4.83259731869
11.4019092988
0.679583997941
0.0755093331046
0.0755093331046
24.540533259
0.0755093331046
0.0755093331046
0.553735109434
51.5477047327
11.6931595836
0.0755093331046
0.0251697777015
275.004991167
0.0431481903455
0.83060266415
0.226527999314
61.7666344796
0.0755093331046
27.3343785839
0.226527999314
0.0755093331046
0.151018666209
1.05713066346
0.226527999314
9.36315730497
2.64282665866
0.0755093331046
0.151018666209
0.906111997255
0.151018666209
0.83060266415
13.1386239602
94.9152317125
4.37954132007
0.83060266415
0.188773332761
0.377546665523
0.0503395554031
0.0755093331046
1.03196088576
2.41629865935
0.0251697777015
0.0755093331046
0.0302037332418
0.0151018666209
0.0604074664837
1.05713066346
2.18977066003
0.453055998628
0.151018666209
0.0755093331046
0.0755093331046
51.5477047327
0.0431481903455
275.004991167
11.6931595836
0.302037332418
0.0251697777015
0.151018666209
0.0755093331046
0.0755093331046
5.96523731526
0.339791998971
0.528565331732
0.0755093331046
14.4977919561
32.0914665695
33.2996158991
743.615912414
16.9140906154
1156.50094583
0.151018666209
3.36016532315
0.377546665523
0.0755093331046
59.954410485
0.679583997941
1.28365866278
1.62345066175
1.51018666209
0.151018666209
0.377546665523
14.8753386216
0.98162133036
0.679583997941
0.302037332418
0.0377546665523
0.0377546665523
0.604074664837
0.0377546665523
0.0377546665523
0.528565331732
3.47342932281
0.641829331389
1.01937599691
0.98162133036
5.05912531801
693.704243232
20.6140479376
7270.26511931
177.446932796
0.528565331732
3.85097598833
0.276867554717
1.6612053283
0.00209748147513
0.00209748147513
0.0163263422929
0.00193613674627
0.0285710990125
0.151018666209
1.20814932967
0.151018666209
0.679583997941
0.0377546665523
2.39112888165
38.8873065489
0.0377546665523
0.0107870475864
0.151018666209
0.226527999314
0.679583997941
0.755093331046
3.2469013235
15.1018666209
0.377546665523
0.755093331046
0.0377546665523
0.0755093331046
0.0755093331046
0.113263999657
8.83459197324
0.641829331389
0.755093331046
0.0755093331046
0.0755093331046
14.8375839551
0.717338664494
0.188773332761
5.46184176123
0.377546665523
6.46863286929
0.0377546665523
0.151018666209
0.226527999314
1.28365866278
0.0755093331046
0.377546665523
0.226527999314
91.2152743903
1.35916799588
0.453055998628
0.0755093331046
1.13263999657
6.53155731355
0.302037332418
0.302037332418
0.83060266415
0.151018666209
0.151018666209
0.0125848888508
0.0125848888508
0.377546665523
589.576872881
0.604074664837
5.28565331732
0.377546665523
0.0188773332761
1.17039466312
0.113263999657
0.0251697777015
0.377546665523
0.377546665523
0.151018666209
1.6612053283
1.51018666209
0.151018666209
1.28365866278
3.85097598833
45.6076371952
143.090186233
10.7223253009
1.32141332933
0.0188773332761
4.9081066518
0.226527999314
0.151018666209
0.377546665523
4.83259731869
0.453055998628
0.302037332418
0.453055998628
2.03875199382
43.9464318669
0.528565331732
6.5693119801
0.0755093331046
18.9528426093
0.453055998628
0.226527999314
0.302037332418
0.377546665523
3.02037332418
0.151018666209
0.0755093331046
0.151018666209
0.0377546665523
0.0377546665523
2.26527999314
0.226527999314
2.94486399108
0.302037332418
5.58769064974
0.0377546665523
0.302037332418
0.151018666209
0.0755093331046
0.0755093331046
0.0188773332761
0.453055998628
0.151018666209
0.151018666209
0.0377546665523
38.8873065489
0.0377546665523
2.39112888165
0.0107870475864
2.64282665866
0.151018666209
0.151018666209
0.0755093331046
3.28465599005
0.0755093331046
7.77746130977
1.6612053283
4.65640887478
8.3060266415
0.151018666209
0.151018666209
0.0755093331046
2.64282665866
0.453055998628
3.62444798902
0.0755093331046
5.51218131664
114.54765832
0.0755093331046
0.377546665523
3.39791998971
1.28365866278
1214.83190565
1.96324266072
10.118250636
276.590687162
0.0755093331046
0.528565331732
0.226527999314
0.00290420511941
0.00279664196684
1.05713066346
0.302037332418
1.28365866278
0.98162133036
0.113263999657
988.983490337
1.24590399623
0.868357330703
0.566319998284
0.415301332075
32.8465599005
7.81521597633
0.226527999314
0.302037332418
0.0755093331046
0.528565331732
0.151018666209
1.05713066346
0.226527999314
0.528565331732
8.00398930909
15.177375954
6.11625598147
107.072234342
12.2325119629
0.377546665523
0.0755093331046
5.13463465111
0.98162133036
1.81222399451
3.09588265729
7.85297064288
1.88773332761
0.0755093331046
0.276867554717
0.906111997255
0.0251697777015
0.201358221612
0.226527999314
37.6791572192
0.151018666209
44.2484691993
0.0755093331046
0.604074664837
0.151018666209
1.6612053283
0.377546665523
0.151018666209
0.453055998628
31.9152781255
0.151018666209
0.528565331732
0.0755093331046
0.755093331046
0.0755093331046
0.0125848888508
0.0125848888508
0.0377546665523
0.0251697777015
31.9152781255
44.6637705314
2.94486399108
0.226527999314
0.0755093331046
0.226527999314
0.226527999314
0.226527999314
0.0503395554031
0.0251697777015
0.226527999314
1.18297955197
0.0251697777015
1.05713066346
2.41629865935
0.98162133036
4.79484265214
0.113263999657
0.0755093331046
0.0215740951727
0.2373150469
0.0647222855182
0.0539352379319
0.11865752345
0.0471933331904
0.291250284832
0.00943866663807
0.11865752345
0.172592761382
0.0107870475864
0.086296380691
0.11865752345
0.0755093331046
0.302037332418
0.151018666209
0.641829331389
0.339791998971
3.09588265729
0.0377546665523
0.188773332761
0.377546665523
6.46863286929
5.46184176123
1.17039466312
0.377546665523
0.113263999657
0.0251697777015
0.0251697777015
0.0503395554031
0.0251697777015
1.18297955197
0.226527999314
0.0755093331046
0.151018666209
2.94486399108
0.339791998971
0.0755093331046
0.226527999314
0.151018666209
1.28365866278
0.0377546665523
0.264282665866
1.88773332761
0.0755093331046
0.201358221612
0.0251697777015
0.906111997255
0.276867554717
0.0755093331046
0.0323611427591
0.0188773332761
1.24590399623
0.113263999657
0.415301332075
32.8465599005
988.983490337
0.226527999314
0.98162133036
0.868357330703
0.566319998284
7.81521597633
0.172592761382
0.0215740951727
0.086296380691
0.291250284832
0.11865752345
0.0539352379319
0.0471933331904
0.11865752345
0.11865752345
0.00943866663807
0.2373150469
0.0107870475864
0.0647222855182
0.226527999314
0.906111997255
0.0107870475864
0.113263999657
0.291250284832
0.0215740951727
0.0647222855182
0.172592761382
0.2373150469
0.00943866663807
0.0471933331904
0.11865752345
0.11865752345
0.0471933331904
0.0188773332761
69.8461331217
8.34378130806
0.0755093331046
176.918367464
13.3651519595
4.22852265386
0.302037332418
2.71833599177
0.302037332418
0.0755093331046
0.226527999314
0.0755093331046
0.0377546665523
0.226527999314
1.73671466141
0.226527999314
0.755093331046
1.05713066346
0.0188773332761
0.83060266415
0.302037332418
0.151018666209
0.151018666209
18.5752959437
4.65640887478
0.226527999314
0.226527999314
0.0755093331046
0.226527999314
1.35916799588
75.4338237715
2.49180799245
6.45604798044
54.4044745019
0.377546665523
0.151018666209
0.151018666209
11.0998719664
0.453055998628
0.528565331732
0.0755093331046
0.151018666209
0.302037332418
0.226527999314
0.0755093331046
0.302037332418
0.226527999314
0.377546665523
0.0755093331046
5.21014398422
10.797834634
0.151018666209
650.512904696
2.11426132693
1.88773332761
0.0755093331046
0.226527999314
1.88773332761
0.226527999314
0.0251697777015
0.0251697777015
1.18297955197
0.0503395554031
0.226527999314
5.13463465111
27.4853972501
0.151018666209
0.0755093331046
0.0755093331046
0.0755093331046
0.755093331046
0.604074664837
5.43667198353
1.05713066346
0.679583997941
4.37954132007
1.6612053283
0.0302037332418
0.0151018666209
0.339791998971
2.94486399108
0.226527999314
80.115402424
17.706938613
2.41629865935
16.7630719492
0.226527999314
1.43467732899
50.2137065146
37.6791572192
1.73671466141
3513.75130669
275.004991167
0.0431481903455
0.302037332418
51.5477047327
11.6931595836
0.0251697777015
0.0755093331046
1.35916799588
1.05713066346
0.906111997255
