rpm
0.363502118999
0.1454008476
0.0727004237999
0.0484669491999
0.605836864999
0.363502118999
0.2181012714
2.64144873139
0.1696343222
0.1090506357
0.0727004237999
0.436202542799
4.87092839459
0.2181012714
0.727004237999
1.0178059332
0.654303814199
0.1454008476
3.19881864719
0.581603390399
0.1454008476
0.0727004237999
0.654303814199
0.363502118999
0.290801695199
0.0727004237999
0.363502118999
0.508902966599
22.537131378
2.98071737579
6943.18127458
137.912703948
0.2181012714
0.654303814199
0.0727004237999
0.363502118999
0.654303814199
0.0727004237999
0.508902966599
0.290801695199
0.0727004237999
0.0727004237999
0.0727004237999
0.290801695199
0.0727004237999
0.363502118999
0.0727004237999
0.2181012714
2.68991568059
0.0727004237999
0.290801695199
0.290801695199
0.727004237999
0.0727004237999
0.2181012714
0.1454008476
0.1454008476
2.83531652819
0.0727004237999
0.0727004237999
2.2537131378
0.581603390399
0.436202542799
3.63502118999
0.1454008476
19.8472156974
0.1454008476
0.1454008476
2.83531652819
0.581603390399
0.436202542799
11.1958652652
2.90801695199
0.0727004237999
1.0178059332
0.1090506357
1.1632067808
26.0267517203
75.899242447
0.290801695199
2.1083122902
0.0727004237999
0.1454008476
0.1454008476
435.112036442
8.43324916078
3.70772161379
5.59793263259
11.4866669604
0.0727004237999
0.0727004237999
0.2181012714
0.436202542799
0.1454008476
0.0727004237999
1.1632067808
0.654303814199
0.1454008476
0.945105509398
1.090506357
0.1454008476
0.2181012714
0.2181012714
2.3991139854
0.0727004237999
0.0727004237999
0.1454008476
0.1454008476
2.61721525679
0.2181012714
0.0727004237999
0.1454008476
0.0727004237999
0.363502118999
0.363502118999
2.3264135616
0.727004237999
3.19881864719
18.6113084928
1.3813080522
2.83531652819
0.799704661798
7.12464153239
42.6024483467
0.654303814199
2.76261610439
1.3086076284
0.799704661798
0.290801695199
1.5994093236
0.363502118999
22.8279330732
0.1454008476
0.1454008476
1.817510595
13.3041775554
0.945105509398
0.508902966599
0.1454008476
1.7811603831
4.72552754699
3.05341779959
0.872405085598
0.1454008476
2.3991139854
0.1454008476
0.0727004237999
0.1454008476
0.0727004237999
0.2181012714
0.436202542799
1.3813080522
0.0727004237999
0.290801695199
0.436202542799
0.1454008476
0.872405085598
0.581603390399
0.654303814199
14.54008476
3.56232076619
1.1632067808
0.1454008476
1.8902110188
0.1454008476
0.290801695199
0.290801695199
1.9629114426
0.1454008476
0.0727004237999
10.2507597558
0.363502118999
0.0727004237999
0.0727004237999
2.54451483299
0.290801695199
0.1454008476
0.945105509398
0.0727004237999
0.993572458598
0.0727004237999
0.896638560198
0.872405085598
1.090506357
0.508902966599
0.1454008476
0.1454008476
7.77894534658
2.3264135616
2.90801695199
0.0727004237999
0.436202542799
0.0727004237999
0.363502118999
0.0727004237999
0.654303814199
0.2181012714
0.508902966599
3.56232076619
0.508902966599
0.1454008476
0.1454008476
1.2359072046
0.290801695199
0.290801695199
2.1083122902
0.363502118999
0.0727004237999
0.0727004237999
0.1454008476
2.64144873139
0.1090506357
0.605836864999
0.508902966599
0.2181012714
0.0484669491999
0.436202542799
0.1696343222
0.2181012714
0.508902966599
0.2181012714
28.4985661295
0.872405085598
12.7952745888
0.290801695199
16.6483970502
0.436202542799
89.8577238166
0.436202542799
0.290801695199
3.12611822339
0.290801695199
5.59793263259
0.290801695199
0.290801695199
0.0727004237999
0.363502118999
0.2181012714
0.0727004237999
1.1632067808
0.0727004237999
41.0030390231
1.1632067808
2.3264135616
0.0727004237999
0.363502118999
0.0727004237999
2.90801695199
1.6721097474
1.090506357
0.0727004237999
0.1454008476
0.0727004237999
1.2359072046
0.654303814199
0.1454008476
0.0727004237999
1.0178059332
0.0727004237999
0.508902966599
3.56232076619
0.290801695199
10.541561451
0.727004237999
0.1454008476
0.0484669491999
0.2181012714
28.1350640105
0.290801695199
33.9510979145
2.59298178219
0.872405085598
0.799704661798
0.290801695199
0.363502118999
0.436202542799
14.3946839124
51.6173008979
0.0727004237999
0.0727004237999
17.9570046786
8.94215212738
1.817510595
14.4673843362
0.0727004237999
3.12611822339
0.1454008476
0.799704661798
0.1454008476
5.59793263259
0.872405085598
0.2181012714
1.2359072046
0.872405085598
0.0727004237999
0.2181012714
2.3264135616
1.5994093236
0.0727004237999
0.508902966599
0.508902966599
2.98071737579
2.181012714
0.0727004237999
0.1454008476
63.1766682821
16.8664983216
2.1083122902
0.290801695199
4.48319280099
0.1454008476
0.0484669491999
0.0969338983998
0.0727004237999
0.0727004237999
33.9510979145
0.1454008476
0.436202542799
4.72552754699
5.52523220879
0.0242334746
0.0727004237999
0.436202542799
0.0727004237999
0.727004237999
0.0727004237999
0.0727004237999
0.872405085598
2.181012714
9.16025339878
10.4688610272
0.581603390399
1.5994093236
1.1632067808
119.446796303
3.92582288519
0.581603390399
2.47181440919
161.685742531
0.1454008476
0.1454008476
1.9629114426
8.50594958458
2.1083122902
4.14392415659
0.727004237999
0.290801695199
0.1454008476
0.654303814199
0.1454008476
0.654303814199
0.436202542799
0.290801695199
0.508902966599
0.0727004237999
2.90801695199
0.508902966599
0.290801695199
0.872405085598
0.0727004237999
1.5267088998
0.2181012714
0.1454008476
12.1409707746
0.1454008476
0.0727004237999
0.605836864999
0.0727004237999
2.64144873139
0.0484669491999
0.363502118999
0.436202542799
0.1090506357
0.2181012714
0.1696343222
0.799704661798
0.363502118999
0.0727004237999
6.54303814199
0.2181012714
0.1454008476
0.0727004237999
0.1454008476
7.99704661798
0.0727004237999
0.1454008476
3.70772161379
0.436202542799
0.436202542799
0.1090506357
0.1454008476
0.0727004237999
0.1454008476
0.945105509398
0.2181012714
0.2181012714
0.581603390399
0.0727004237999
0.654303814199
0.508902966599
0.1454008476
0.1454008476
0.872405085598
0.508902966599
0.0727004237999
8.06974704178
0.0727004237999
0.290801695199
400.288533442
0.2181012714
0.799704661798
0.1454008476
0.0727004237999
0.1454008476
0.290801695199
0.727004237999
9.59645594158
0.2181012714
0.0727004237999
0.993572458598
0.896638560198
0.1454008476
0.508902966599
0.1454008476
0.290801695199
0.0727004237999
0.2181012714
0.1454008476
1.5994093236
0.1454008476
0.436202542799
1.8902110188
0.0727004237999
0.1454008476
2.98071737579
0.2181012714
0.0727004237999
4.36202542799
0.1454008476
0.363502118999
5.37983136119
0.0727004237999
1.0178059332
1.3813080522
1.2359072046
240.129499811
9.74185678918
9.08755297498
0.0727004237999
0.0727004237999
0.1454008476
0.727004237999
0.1454008476
0.0727004237999
3.34421949479
0.2181012714
0.0727004237999
0.363502118999
10.7596627224
0.799704661798
0.0727004237999
20.6469203592
0.436202542799
9.59645594158
1.4176582641
1.454008476
0.581603390399
1.1632067808
0.0727004237999
0.411969068199
0.545253178499
1.3813080522
0.363502118999
0.508902966599
0.0727004237999
0.363502118999
0.0727004237999
0.0727004237999
0.0727004237999
0.436202542799
1.454008476
0.1454008476
0.0727004237999
0.581603390399
0.896638560198
0.1454008476
0.0727004237999
0.993572458598
0.436202542799
0.290801695199
0.799704661798
0.2181012714
7.05194110859
5.16173008979
2.76261610439
28.0623635867
1.6721097474
0.654303814199
0.0727004237999
1.3813080522
0.363502118999
1.1632067808
0.872405085598
8.06974704178
0.0727004237999
0.2181012714
0.1454008476
1.817510595
0.0727004237999
0.508902966599
0.581603390399
0.1454008476
0.1454008476
0.581603390399
0.436202542799
0.1454008476
0.0727004237999
0.0727004237999
0.581603390399
0.0727004237999
0.363502118999
0.0727004237999
0.436202542799
0.363502118999
0.290801695199
0.0727004237999
0.436202542799
10.0326584844
1.7448101712
0.363502118999
0.581603390399
0.0727004237999
1.6721097474
5.59793263259
0.2181012714
0.290801695199
0.799704661798
0.436202542799
0.0727004237999
0.581603390399
0.2181012714
0.0727004237999
0.363502118999
0.1454008476
0.2181012714
0.872405085598
