rpm
0.246178691265
1.23089345632
22.1560822138
0.246178691265
0.246178691265
1.47707214759
11.3242197982
345.142525153
0.984714765059
0.246178691265
4.1850377515
5.41593120783
2.95414429518
0.49235738253
0.49235738253
0.49235738253
46.2815939578
0.246178691265
0.0307723364081
0.0351683844664
0.281347075731
0.0703367689328
0.0351683844664
0.0351683844664
0.246178691265
2.95414429518
16.4939723147
12.5551132545
0.738536073795
68.9300335542
0.984714765059
0.246178691265
0.123089345632
10.8318624157
0.738536073795
7.95977768423
4.12349307869
0.16411912751
0.123089345632
4.1850377515
100.194727345
0.049235738253
0.049235738253
0.0984714765059
2.70796560391
5.78519924472
0.615446728162
0.738536073795
0.738536073795
76.4384836377
0.615446728162
2970.88444618
4.30812709713
3.20032298644
2.05148909387
68.971063336
6.1954970635
3.20032298644
0.246178691265
0.246178691265
0.246178691265
0.49235738253
0.246178691265
0.738536073795
11.8165771807
5.16975251656
0.525181208032
0.0153861682041
0.0117227948221
0.49235738253
0.738536073795
3.20032298644
68.9300335542
182.172231536
0.246178691265
0.49235738253
0.369268036897
5.04666317093
38.5269651829
4.9235738253
40.6194840587
0.123089345632
274.366151415
1.23089345632
0.246178691265
0.49235738253
0.140673537866
0.281347075731
0.0703367689328
0.0351683844664
0.0703367689328
0.0351683844664
0.0351683844664
0.0307723364081
2.70796560391
13818.9946555
0.738536073795
24.8640478177
47.7586661054
6.89300335542
441.89075082
896.336614895
0.0615446728162
2.95414429518
0.861625419427
0.615446728162
11.9396665263
0.123089345632
0.246178691265
0.246178691265
0.49235738253
0.246178691265
7.63153942921
0.246178691265
15.8785255866
278.674278512
0.246178691265
478.81755451
0.246178691265
0.738536073795
0.246178691265
88.8705075466
6.89300335542
0.615446728162
76.4384836377
0.738536073795
4.30812709713
2.70796560391
2970.88444618
0.615446728162
0.738536073795
3.20032298644
5.78519924472
869.99549493
8.7393435399
1.84634018449
8.86243288553
3.56959102334
0.369268036897
0.984714765059
0.246178691265
0.246178691265
4.43121644277
3.44650167771
16.4939723147
0.246178691265
1.72325083885
0.246178691265
0.738536073795
0.246178691265
0.738536073795
35.2035528509
11.0780411069
0.738536073795
86.6548993252
3.93885906024
0.574416946285
5.90828859036
0.246178691265
0.369268036897
2.46178691265
0.246178691265
0.246178691265
1.72325083885
2.95414429518
4.1850377515
1.72325083885
10.3395050331
0.738536073795
0.246178691265
67.4529614066
14.4424832209
0.246178691265
1.47707214759
2.21560822138
0.246178691265
3.20032298644
7.13918204668
2.46178691265
28.3105494955
0.49235738253
0.738536073795
1.10780411069
0.246178691265
0.123089345632
0.984714765059
36.0651782703
0.0703367689328
0.0307723364081
0.0351683844664
0.140673537866
0.0703367689328
0.281347075731
0.0351683844664
0.0351683844664
0.984714765059
0.0615446728162
2.95414429518
0.861625419427
0.246178691265
0.0703367689328
0.281347075731
0.0351683844664
0.0351683844664
0.0351683844664
0.0703367689328
0.140673537866
0.0307723364081
3.20032298644
7.13918204668
95.0249748282
0.246178691265
49.4819169442
32.9879446295
2050.66849824
26.0949412741
3379.29489499
1.23089345632
1.14883389257
6.1954970635
68.971063336
0.205148909387
0.0820595637549
0.0410297818775
0.0410297818775
20.6790100662
7.87771812047
0.49235738253
0.49235738253
0.246178691265
6.89300335542
0.246178691265
0.49235738253
0.246178691265
0.738536073795
14.4424832209
63.1448343094
0.738536073795
0.49235738253
0.49235738253
47.5124874141
0.49235738253
0.0351683844664
8.29973873407
379.924057391
1.60016149322
0.738536073795
2.83105494955
2.13354865763
1.14883389257
379.924057391
24.6999286902
8.29973873407
0.0351683844664
0.32823825502
0.820595637549
0.16411912751
1.39501258383
6.1954970635
68.971063336
3.69268036897
3.56959102334
75.0845008358
0.861625419427
0.123089345632
0.984714765059
0.49235738253
0.738536073795
0.246178691265
0.49235738253
6.89300335542
0.820595637549
1.39501258383
0.16411912751
0.32823825502
0.123089345632
0.123089345632
1.23089345632
0.123089345632
0.123089345632
16.2477936235
0.0214068427187
0.49235738253
0.246178691265
0.246178691265
46.7739513403
24.8640478177
0.246178691265
1.10780411069
0.0615446728162
0.123089345632
0.615446728162
1.6411912751
0.246178691265
211.467495796
0.984714765059
0.056810467215
2.83105494955
1.14883389257
2.13354865763
4.43121644277
0.49235738253
16.0016149322
14.7707214759
0.49235738253
0.246178691265
0.49235738253
0.246178691265
2.95414429518
0.49235738253
1.23089345632
2.46178691265
0.246178691265
0.246178691265
0.615446728162
11.9396665263
1.96942953012
23.1407969789
0.984714765059
0.246178691265
5.16975251656
0.738536073795
0.738536073795
0.246178691265
637.848989067
113.119108636
0.246178691265
0.738536073795
0.984714765059
0.0351683844664
24.6999286902
379.924057391
8.29973873407
8.86243288553
0.246178691265
142.414372897
11.3242197982
0.123089345632
3353.19995372
5.16975251656
82.2236828825
0.738536073795
20.9251887575
0.246178691265
49.4819169442
0.246178691265
0.246178691265
4.12349307869
6.40064597289
100.194727345
0.16411912751
123.827881706
7.95977768423
0.902655201304
0.246178691265
0.246178691265
0.246178691265
0.738536073795
0.246178691265
119.642843955
0.49235738253
20.9251887575
2.95414429518
0.049235738253
0.049235738253
0.0984714765059
0.738536073795
1.72325083885
0.246178691265
124.56641778
7.87771812047
0.738536073795
0.738536073795
4.9235738253
5.66210989909
0.246178691265
0.984714765059
1.23089345632
142.414372897
8.86243288553
0.984714765059
7.87771812047
187.834341435
14.5245427846
182.172231536
0.738536073795
68.9300335542
0.369268036897
3.07723364081
0.246178691265
1.23089345632
1.96942953012
6.40064597289
13.1705599827
0.369268036897
0.246178691265
128.012919458
0.861625419427
5.90828859036
0.246178691265
0.369268036897
128.012919458
0.49235738253
0.49235738253
0.369268036897
21.6637248313
13.1705599827
0.738536073795
3.69268036897
0.574416946285
0.49235738253
0.246178691265
2.21560822138
0.738536073795
3.20032298644
896.336614895
61.0523154337
0.123089345632
18.7095805361
10823.7385188
0.123089345632
0.246178691265
1.72325083885
0.738536073795
0.49235738253
0.49235738253
0.246178691265
0.246178691265
0.123089345632
2.05148909387
0.49235738253
33.9726593945
0.738536073795
5.90828859036
0.246178691265
0.738536073795
0.49235738253
2.21560822138
0.246178691265
0.246178691265
0.246178691265
6.15446728162
0.369268036897
0.369268036897
3.07723364081
0.369268036897
0.246178691265
1.72325083885
1.47707214759
1.23089345632
24.3716904352
0.49235738253
5.66210989909
0.246178691265
8.7393435399
8.86243288553
3.56959102334
0.369268036897
869.99549493
1.84634018449
0.049235738253
0.049235738253
0.984714765059
1.47707214759
18.2172231536
0.49235738253
1.10780411069
0.123089345632
0.123089345632
0.246178691265
0.123089345632
14.401453439
16.0016149322
6.1954970635
0.246178691265
1.72325083885
68.971063336
458.138544444
7.95977768423
0.123089345632
0.16411912751
4.1850377515
4.12349307869
100.194727345
2.70796560391
0.984714765059
211.467495796
0.246178691265
0.615446728162
1.6411912751
0.123089345632
5.41593120783
2.21560822138
0.0820595637549
0.738536073795
0.246178691265
10.8318624157
9.35479026806
2.46178691265
2.95414429518
0.246178691265
0.49235738253
0.49235738253
0.246178691265
0.246178691265
1.23089345632
0.123089345632
0.123089345632
0.123089345632
11.9396665263
0.246178691265
1.47707214759
5.90828859036
1.23089345632
0.0153861682041
0.525181208032
4.9235738253
2.21560822138
0.738536073795
0.246178691265
0.49235738253
0.49235738253
10.0933263419
0.246178691265
6.40064597289
0.49235738253
3.20032298644
4.12349307869
1.47707214759
0.246178691265
0.49235738253
63.1448343094
14.4424832209
0.0410297818775
0.205148909387
0.0410297818775
0.0820595637549
2.05148909387
0.246178691265
49.7280956355
0.246178691265
112.503661908
0.246178691265
2.46178691265
0.738536073795
1.96942953012
0.738536073795
2.21560822138
1.23089345632
4.43121644277
4.43121644277
2.70796560391
0.246178691265
0.984714765059
0.369268036897
31.8801405188
1.14883389257
0.16411912751
68.971063336
6.1954970635
5.16975251656
11.8165771807
0.49235738253
0.246178691265
0.49235738253
0.738536073795
0.246178691265
1.96942953012
0.246178691265
0.0351683844664
0.0351683844664
0.0351683844664
0.140673537866
0.0703367689328
0.281347075731
0.0703367689328
0.0307723364081
0.123089345632
0.738536073795
6.76991400978
0.0351683844664
0.32823825502
1.60016149322
379.924057391
8.29973873407
0.246178691265
1.14883389257
2.13354865763
0.984714765059
0.246178691265
9.84714765059
0.738536073795
0.246178691265
379.924057391
0.0351683844664
8.29973873407
0.32823825502
24.6999286902
0.0984714765059
1.47707214759
0.246178691265
3.69268036897
75.0845008358
0.861625419427
3.56959102334
0.123089345632
0.984714765059
11.9396665263
0.984714765059
0.984714765059
2.70796560391
6.89300335542
3.20032298644
0.738536073795
17.7248657711
2.46178691265
0.984714765059
0.246178691265
0.984714765059
0.0820595637549
0.0410297818775
0.0351683844664
0.281347075731
0.0351683844664
0.0703367689328
0.0351683844664
0.0307723364081
2.21560822138
8.370075503
1.72325083885
0.738536073795
0.984714765059
0.984714765059
1.23089345632
0.246178691265
0.0133069562846
0.0332673907115
0.006312274135
0.00647838661223
29.0490855693
149.184286906
0.49235738253
0.738536073795
0.369268036897
0.369268036897
1.96942953012
1.96942953012
0.246178691265
24.8640478177
0.246178691265
36.0651782703
0.984714765059
0.123089345632
0.738536073795
0.984714765059
1.72325083885
0.49235738253
0.984714765059
0.0615446728162
1.10780411069
3.69268036897
3.20032298644
8.12389681174
2.95414429518
0.738536073795
3.20032298644
0.246178691265
2.95414429518
0.738536073795
0.246178691265
4.67739513403
0.246178691265
12.062755872
17.2325083885
1.96942953012
0.246178691265
2.46178691265
1.96942953012
0.49235738253
0.902655201304
0.246178691265
0.246178691265
2.21560822138
32.9879446295
94.2864387544
0.246178691265
1.72325083885
0.738536073795
0.246178691265
4.67739513403
0.49235738253
2.95414429518
0.738536073795
1.47707214759
0.246178691265
92.0708305331
0.49235738253
0.369268036897
0.369268036897
15.6323468953
0.369268036897
0.49235738253
117.181057042
0.49235738253
8.12389681174
2.46178691265
6.64682466415
0.246178691265
274.366151415
40.6194840587
0.369268036897
0.123089345632
38.5269651829
5.04666317093
0.123089345632
6.76991400978
0.738536073795
2.70796560391
1.6411912751
0.246178691265
1.47707214759
0.984714765059
4.67739513403
0.049235738253
0.049235738253
0.0984714765059
0.0984714765059
0.049235738253
0.049235738253
0.984714765059
6.40064597289
1.47707214759
40.86566275
1.60016149322
379.924057391
0.0351683844664
53.913133387
8.29973873407
2.46178691265
0.246178691265
76.0692156008
0.49235738253
0.246178691265
10.8318624157
4.43121644277
0.246178691265
0.246178691265
0.49235738253
0.49235738253
0.246178691265
0.738536073795
0.246178691265
1.23089345632
1.96942953012
1.72325083885
0.246178691265
0.902655201304
0.369268036897
0.369268036897
0.49235738253
0.369268036897
15.6323468953
0.0351683844664
0.0351683844664
1.60016149322
8.29973873407
0.0351683844664
0.32823825502
379.924057391
0.0820595637549
0.0410297818775
65.7297105677
2.46178691265
0.738536073795
0.984714765059
0.246178691265
9.60096895933
1.35398280196
401.517445453
0.738536073795
10.8318624157
0.123089345632
1.47707214759
8.86243288553
3.93885906024
0.49235738253
1.72325083885
113.488376673
3.69268036897
3.69268036897
113.119108636
8647.76506675
152.876967275
0.246178691265
40.3733053674
101.17944211
3.44650167771
618.400872457
20.9251887575
80.0080746611
7.63153942921
11.5703984894
50.7128104006
11.8165771807
0.49235738253
0.984714765059
105.364479861
25.6025838915
0.49235738253
0.246178691265
0.984714765059
4.1850377515
318.801405188
16.740151006
0.246178691265
2.70796560391
8.61625419427
4.43121644277
0.738536073795
0.738536073795
0.246178691265
18.2172231536
1.96942953012
2.95414429518
0.16411912751
6.1954970635
68.971063336
1.14883389257
