rpm
0.113812151678
0.113812151678
131.56684734
0.455248606712
0.682872910067
0.341436455034
0.227624303356
0.113812151678
0.227624303356
0.113812151678
0.796685061745
0.986371981209
0.303499071141
3.90755054094
0.189686919463
0.417311222819
0.056906075839
0.455248606712
0.379373838926
0.056906075839
0.113812151678
3.52817670202
12.2917123812
0.341436455034
0.113812151678
0.682872910067
7.28397770739
0.113812151678
0.227624303356
5.34917112886
0.455248606712
1.25193366846
0.227624303356
1.36574582013
0.227624303356
1.25193366846
0.113812151678
0.796685061745
5.57679543222
5.91823188725
0.682872910067
1.0243093651
0.113812151678
0.56906075839
1.47955797181
0.227624303356
0.796685061745
1.59337012349
0.227624303356
0.341436455034
0.227624303356
1.82099442685
0.113812151678
2.39005518524
2.27624303356
4.66629821879
946.575665505
3.75580100537
17.7546956618
1.25193366846
1.47955797181
0.341436455034
1.70718227517
1.47955797181
2.0486187302
10.0154693477
0.0758747677853
0.0758747677853
2.69355425638
1.85893181074
0.227624303356
0.682872910067
13.5436460497
1.59337012349
0.341436455034
0.341436455034
0.113812151678
0.227624303356
0.113812151678
0.910497213423
0.113812151678
1.47955797181
0.341436455034
10.6983422577
0.227624303356
0.341436455034
7.28397770739
0.227624303356
7.51160201074
0.56906075839
9.67403289262
50.6464074967
0.341436455034
1.0243093651
1.65027619933
0.682872910067
4.21104961208
0.113812151678
0.113812151678
26.0629827342
3.75580100537
8.53591137584
0.682872910067
0.56906075839
0.796685061745
0.113812151678
1.47955797181
0.227624303356
0.113812151678
0.341436455034
0.113812151678
0.113812151678
0.113812151678
0.227624303356
0.796685061745
0.227624303356
3.98342530873
0.113812151678
2.16243088188
0.113812151678
0.56906075839
2.50386733691
0.227624303356
0.341436455034
0.303499071141
0.796685061745
0.113812151678
0.113812151678
0.417311222819
0.189686919463
0.986371981209
3.90755054094
0.227624303356
0.379373838926
0.056906075839
0.341436455034
5.46298328054
0.682872910067
0.682872910067
0.227624303356
46.5491700363
0.910497213423
0.113812151678
0.113812151678
52.6950262269
14.9093918698
3.0729280953
3.30055239866
0.113812151678
7.28397770739
0.455248606712
6.25966834229
0.227624303356
1.47955797181
0.227624303356
0.113812151678
0.682872910067
0.796685061745
6.03204403893
0.341436455034
0.113812151678
1.25193366846
1.25193366846
0.227624303356
0.303499071141
1.25193366846
6.52523002953
0.56906075839
0.56906075839
111.991157251
1.25193366846
0.56906075839
20.9414359087
93.8950251343
1.59337012349
101.861875752
0.341436455034
0.341436455034
0.341436455034
0.341436455034
0.682872910067
0.56906075839
1.13812151678
4.55248606712
1.13812151678
1.13812151678
6.82872910067
64.5314900014
0.56906075839
0.0758747677853
2.69355425638
0.0758747677853
1.85893181074
0.113812151678
0.341436455034
0.227624303356
0.113812151678
0.227624303356
0.113812151678
0.682872910067
1.25193366846
0.341436455034
0.341436455034
0.455248606712
0.113812151678
0.113812151678
0.113812151678
0.113812151678
0.227624303356
12.9745852913
3.18674024698
2.16243088188
0.113812151678
0.227624303356
0.113812151678
0.113812151678
0.113812151678
0.341436455034
1.0243093651
0.682872910067
0.113812151678
0.113812151678
3.64198885369
1.82099442685
7.05635340403
1.36574582013
0.682872910067
0.796685061745
0.455248606712
9.10497213423
37.102761447
1.13812151678
120.640880779
4.43867391544
1.47955797181
0.227624303356
6.25966834229
0.56906075839
36.9889492953
1.0243093651
1.13812151678
0.227624303356
0.227624303356
1.36574582013
0.113812151678
6.25966834229
7.28397770739
1.93480657852
0.227624303356
0.227624303356
0.113812151678
0.682872910067
0.227624303356
9.21878428591
0.682872910067
2.16243088188
1.13812151678
0.455248606712
0.113812151678
7.17016555571
4.78011037047
1.82099442685
0.227624303356
0.910497213423
3.41436455034
0.227624303356
4.66629821879
1.13812151678
16.5027619933
6.14585619061
3.75580100537
32.8917118349
1.13812151678
261.085075949
1.0243093651
0.682872910067
5.46298328054
0.227624303356
2.69355425638
0.0758747677853
0.0758747677853
1.85893181074
0.341436455034
11.0397787128
389.578995193
0.227624303356
17.7546956618
1.13812151678
7.62541416242
0.455248606712
17.8685078134
0.56906075839
1.13812151678
0.682872910067
0.56906075839
0.796685061745
26.7458556443
0.341436455034
164.458559175
0.682872910067
0.455248606712
23.4453032456
0.0379373838926
1.40368320403
0.341436455034
0.113812151678
19.6895022403
0.379373838926
3.0729280953
0.910497213423
1.76408835101
0.417311222819
0.341436455034
33.2331482899
1.25193366846
25.8353584309
0.682872910067
0.739778985906
0.227624303356
1.0243093651
0.796685061745
19.5756900886
0.113812151678
0.113812151678
13.3160217463
5.34917112886
0.56906075839
0.682872910067
25.8353584309
0.113812151678
0.113812151678
0.341436455034
39.9480652389
1.82099442685
60.0928160859
0.455248606712
6.37348049396
10.8121544094
9.10497213423
30.2740323463
8.42209922417
0.910497213423
3.98342530873
5.23535897718
0.227624303356
29.2497229812
2.95911594363
0.341436455034
0.56906075839
1.93480657852
15.2508283248
471.637556553
32.5502753799
359.987835757
7.05635340403
1.0243093651
2.95911594363
0.341436455034
0.341436455034
0.113812151678
4.43867391544
0.341436455034
3.41436455034
0.113812151678
0.113812151678
1.25193366846
0.341436455034
2.27624303356
13.2022095946
1.93480657852
58.9546945692
0.455248606712
13.5436460497
1.93480657852
66.5801087316
7.85303846578
48.3701644631
2.27624303356
0.341436455034
2.84530379195
0.227624303356
0.455248606712
5.12154682551
0.56906075839
25.2662976725
0.56906075839
13.9988946564
0.113812151678
0.455248606712
134.525963283
48.8254130698
0.056906075839
0.986371981209
0.796685061745
0.417311222819
0.303499071141
0.056906075839
3.90755054094
0.379373838926
0.189686919463
0.455248606712
1.0243093651
0.796685061745
2.39005518524
0.796685061745
9872.97653376
0.341436455034
2.50386733691
0.227624303356
203.4961272
14.3403311114
6.714916949
1.70718227517
4.43867391544
1.36574582013
5.57679543222
0.796685061745
34.2574576551
0.455248606712
0.796685061745
3884.29492462
0.227624303356
21.0552480604
38.2408829638
13.2022095946
26.1767948859
1.0243093651
0.113812151678
20.5999994537
0.455248606712
0.341436455034
1.25193366846
0.227624303356
1.47955797181
4.43867391544
9.90165719598
0.227624303356
0.113812151678
0.056906075839
1.47955797181
0.227624303356
1.25193366846
1.47955797181
9.10497213423
0.796685061745
0.682872910067
1.0243093651
0.227624303356
217.267397553
41.0861867557
0.682872910067
0.113812151678
1.25193366846
0.227624303356
3.75580100537
0.227624303356
0.796685061745
4.89392252215
0.56906075839
1.93480657852
3.86961315705
6.714916949
8.7635356792
2.16243088188
0.113812151678
4.55248606712
0.455248606712
2.84530379195
0.113812151678
0.910497213423
2.39005518524
8.42209922417
0.113812151678
2.27624303356
0.910497213423
0.113812151678
0.455248606712
0.56906075839
2.39005518524
47.9149158564
0.113812151678
0.56906075839
0.227624303356
0.455248606712
0.682872910067
10.584530106
0.113812151678
166.620990056
0.227624303356
1.70718227517
4.89392252215
0.796685061745
1.0243093651
6.714916949
7.28397770739
0.341436455034
