rpm
0.0491905788629
0.0140544511037
0.0140544511037
0.983811577259
133.158896982
2.11519489111
4.82067672857
2.75467241632
16.1837004459
2.41033836428
0.885430419533
1.52490794475
4686.33725769
0.688668104081
0.0983811577259
0.196762315452
0.491905788629
1.27895505044
80.0002780907
10.8219273498
0.590286946355
250.871952201
7.09984021588
0.0702722555185
0.0983811577259
0.032793719242
0.16396859621
0.196762315452
0.0983811577259
147.768498904
1.47571736589
2.45952894315
0.393524630903
0.0983811577259
0.393524630903
0.0491905788629
38.3686515131
0.270548183746
0.590286946355
0.885430419533
9.24782882623
0.0983811577259
0.0140544511037
0.0702722555185
0.0702722555185
0.0421633533111
0.0245952894315
0.0702722555185
0.0702722555185
0.0368929341472
0.0421633533111
0.0140544511037
0.0140544511037
0.0491905788629
0.245952894315
3.34495936268
0.688668104081
0.393524630903
65.3742793088
0.147571736589
0.196762315452
0.0491905788629
0.147571736589
0.196762315452
68.4240951983
0.196762315452
0.196762315452
88.0511361646
0.0983811577259
252.937956513
0.0983811577259
0.196762315452
0.245952894315
1.08219273498
0.0491905788629
0.0983811577259
0.0655874384839
0.0983811577259
0.032793719242
2.45952894315
1.6396859621
0.951017858017
0.032793719242
0.032793719242
0.262349753936
0.688668104081
9.98568750917
0.0491905788629
10.772736771
0.196762315452
0.0983811577259
0.147571736589
0.491905788629
0.196762315452
0.0491905788629
0.032793719242
0.0140544511037
0.0491905788629
0.0491905788629
0.688668104081
50.4695339134
0.393524630903
0.295143473178
1.47571736589
3.39414994154
0.983811577259
0.0491905788629
1.08219273498
0.0491905788629
0.0983811577259
0.245952894315
95.823247625
77.0324464993
80.4757870197
5938.77858612
8.16563609125
0.295143473178
0.590286946355
0.0983811577259
0.393524630903
0.491905788629
985.062423407
0.168653413244
0.360730911661
16.1673035863
1.4101299274
24.6796161381
0.0983811577259
0.0983811577259
952.526369102
0.0983811577259
7.87049261807
4.91905788629
49.3873411784
0.0983811577259
0.688668104081
2.45952894315
0.934620998396
0.0983811577259
0.0983811577259
1.57409852361
1.96762315452
0.196762315452
0.360730911661
1.4101299274
0.0983811577259
0.168653413244
2.1889807594
985.062423407
24.6796161381
6.88668104081
0.0983811577259
0.0983811577259
1.27895505044
0.0983811577259
7.37858682944
12.1008824003
4.36156465918
0.983811577259
4.23038978221
1.04939901574
0.0983811577259
5.11582020174
0.196762315452
0.0983811577259
0.0983811577259
0.0140544511037
0.0140544511037
0.0983811577259
0.196762315452
0.787049261807
5.01743904402
0.196762315452
0.016396859621
0.0655874384839
0.229556034694
4.45994581691
0.032793719242
3.0498158895
0.196762315452
0.0983811577259
1.37733620816
0.393524630903
8.65754187988
0.295143473178
5.3125825172
1.37733620816
0.0983811577259
0.393524630903
0.196762315452
0.590286946355
0.0983811577259
0.983811577259
51.8468701215
0.147571736589
4.96824846516
0.196762315452
1.17401514886
0.0626061912801
0.0122976447157
0.0227033440906
0.00756778136353
0.196762315452
0.491905788629
0.295143473178
74.1302023464
0.688668104081
0.196762315452
0.0983811577259
0.295143473178
0.196762315452
123.763496419
6.88668104081
0.295143473178
0.0983811577259
0.0983811577259
3.4433405204
0.0983811577259
1.27895505044
0.491905788629
9.24782882623
0.0983811577259
0.196762315452
0.196762315452
5.21420135947
0.196762315452
0.393524630903
1310.78135496
6.59153756763
222.243035303
3.64010283586
2.80386299519
106.694365554
12.3960258735
31.1868269991
6.49315640991
0.196762315452
7.47696798716
0.295143473178
0.393524630903
0.196762315452
5.3125825172
0.0491905788629
0.393524630903
1149.33787513
1.03300215612
561.362885984
12299.6123389
35.2204544659
12.199263558
0.0140544511037
0.0140544511037
1.67247968134
1.08219273498
0.196762315452
7.67373030262
1.57409852361
11.0186896653
0.442715209766
62.078510525
1.27895505044
0.0491905788629
1.3281456293
0.245952894315
7.67373030262
0.00364374658244
0.0109312397473
0.0113516720453
1.6396859621
0.032793719242
0.032793719242
0.032793719242
0.0655874384839
0.262349753936
0.951017858017
0.0983811577259
2.45952894315
0.0140544511037
0.0140544511037
0.0491905788629
0.0983811577259
1.27895505044
0.442715209766
7.67373030262
0.0491905788629
62.078510525
11.0186896653
0.245952894315
1.3281456293
250.970333359
262.480928813
12.8879316621
6.099631779
0.688668104081
47.714861497
27.8418676364
32.1706385764
0.0983811577259
0.0983811577259
0.0983811577259
64.1445148373
7.67373030262
0.0491905788629
0.0491905788629
0.0983811577259
0.491905788629
0.168653413244
15.5442229207
2.1889807594
155.442229207
157.508233519
24.6796161381
985.062423407
0.147571736589
6.78829988308
0.0491905788629
0.0983811577259
29.6127284755
0.147571736589
23.4147155388
0.0983811577259
1.03300215612
11618.3228216
1149.33787513
1002.7991407
3.64010283586
0.196762315452
0.196762315452
0.0983811577259
43.4844717148
1.96762315452
0.0983811577259
0.196762315452
17.0199402866
0.0983811577259
8.95268535305
0.0655874384839
24.6796161381
0.32793719242
16.1673035863
0.168653413244
985.062423407
0.016396859621
11.0186896653
0.0655874384839
53.125825172
1.18057389271
123.074828315
103.201834454
15.9377475516
0.196762315452
3683.88245104
2854.13576678
0.0983811577259
0.393524630903
0.983811577259
0.147571736589
51.8468701215
4.96824846516
0.0702722555185
7.09984021588
80.0002780907
0.032793719242
0.524699507871
0.0983811577259
1.96762315452
24.398527116
2.06600431224
0.590286946355
0.0983811577259
0.0983811577259
0.885430419533
0.688668104081
7.57534914489
0.0983811577259
15.2490794475
0.787049261807
42.5990412953
2.36114778542
6.59153756763
1746.16716848
0.196762315452
0.016396859621
0.016396859621
0.0109312397473
0.0113516720453
0.032793719242
0.524699507871
7.09984021588
0.0702722555185
80.0002780907
0.688668104081
0.122976447157
0.590286946355
1.37733620816
0.0983811577259
0.0983811577259
0.0983811577259
6.78829988308
5.60772599037
133.158896982
4686.33725769
2.11519489111
4.82067672857
2.41033836428
2.75467241632
0.983811577259
16.1837004459
1.52490794475
0.885430419533
0.0983811577259
0.0983811577259
11.0186896653
0.0655874384839
0.0983811577259
0.147571736589
9.98568750917
0.0491905788629
10.772736771
0.196762315452
0.0983811577259
0.0983811577259
0.295143473178
0.0983811577259
1.27895505044
0.196762315452
0.196762315452
0.0983811577259
3.09900646836
0.0983811577259
4.23038978221
4.36156465918
0.245952894315
0.196762315452
0.590286946355
0.0983811577259
0.0491905788629
64.1445148373
0.0491905788629
7.67373030262
0.0983811577259
2.16438546997
1.37733620816
0.0421633533111
0.0421633533111
0.196762315452
0.590286946355
2.6562912586
0.196762315452
0.196762315452
3.34495936268
4.82067672857
268.482179434
0.787049261807
68.178142304
0.295143473178
1.3281456293
2.70548183746
0.0491905788629
1.03300215612
1.37733620816
4.23038978221
0.295143473178
59.8649344762
0.0491905788629
0.196762315452
0.0983811577259
36.0402974469
0.032793719242
0.737858682944
13.4782186084
1.50031265532
0.196762315452
9.19863824737
0.0983811577259
0.0983811577259
0.0491905788629
4.10741333505
0.295143473178
1.08219273498
1.18057389271
0.0983811577259
0.0983811577259
0.0983811577259
0.0983811577259
7.57534914489
0.196762315452
0.491905788629
0.0983811577259
0.0983811577259
0.983811577259
0.0983811577259
0.196762315452
10.034878088
0.0983811577259
3.83686515131
0.688668104081
1.67247968134
2.55791010087
60.0125062128
1.27895505044
0.196762315452
7.87049261807
3.64010283586
3.34495936268
0.196762315452
0.245952894315
0.0983811577259
0.0491905788629
0.245952894315
0.426318350145
6.78829988308
5.60772599037
0.0983811577259
0.295143473178
0.0983811577259
0.0983811577259
0.32793719242
2.1889807594
0.168653413244
0.0655874384839
985.062423407
24.6796161381
0.0491905788629
6.59153756763
0.196762315452
0.0983811577259
0.295143473178
3.93524630903
18.0037518638
0.737858682944
0.0491905788629
0.196762315452
0.196762315452
7.47696798716
48.3051484434
33.2528313113
10.034878088
759.20739417
12.5927881889
7.08344335626
0.393524630903
4.03362746676
0.196762315452
0.0983811577259
0.0983811577259
0.0983811577259
1.47571736589
1.03300215612
9.29701940509
0.590286946355
1.08219273498
24.7920517469
2.6562912586
1.47571736589
2.06600431224
0.983811577259
17.6102272329
1.86924199679
94.74105489
161.246717513
0.590286946355
0.270548183746
0.295143473178
2.60710067974
0.491905788629
0.196762315452
0.196762315452
6.88668104081
59.8649344762
4.23038978221
0.0491905788629
0.0491905788629
1.37733620816
2.70548183746
1.03300215612
0.295143473178
1.3281456293
0.787049261807
3.0498158895
5.01743904402
1.18057389271
1.18057389271
1.18057389271
0.688668104081
0.0983811577259
3.93524630903
3.73848399358
0.885430419533
0.245952894315
2.11519489111
0.147571736589
300.947961483
0.147571736589
0.0491905788629
7.09984021588
0.0983811577259
80.0002780907
0.147571736589
0.0702722555185
0.0983811577259
0.196762315452
0.0140544511037
0.0140544511037
0.688668104081
0.0983811577259
172.035851143
0.196762315452
1.77086083907
26.9564372169
40.0411311944
0.295143473178
0.0983811577259
4.91905788629
0.295143473178
0.295143473178
0.0983811577259
0.491905788629
0.0983811577259
0.393524630903
0.196762315452
0.196762315452
1.37733620816
3.64010283586
0.295143473178
0.295143473178
2.60710067974
0.270548183746
0.295143473178
0.688668104081
16.134509867
79.4919754425
4.72229557084
0.0421633533111
0.0702722555185
0.0140544511037
0.0140544511037
0.0702722555185
0.0140544511037
0.0702722555185
0.0368929341472
0.0245952894315
0.0491905788629
0.688668104081
0.491905788629
0.491905788629
0.590286946355
0.787049261807
0.295143473178
0.295143473178
0.688668104081
4.23038978221
0.0983811577259
0.245952894315
3.09900646836
4.36156465918
0.0983811577259
0.0983811577259
0.0983811577259
0.295143473178
53.3225874874
4.03362746676
0.0491905788629
0.0983811577259
0.147571736589
42.8941847685
0.491905788629
3.29576878382
236.262350279
0.0983811577259
0.0702722555185
7.09984021588
80.0002780907
0.147571736589
0.787049261807
2.16438546997
31.2852081568
0.0983811577259
0.590286946355
0.0983811577259
0.0140544511037
0.0140544511037
0.0983811577259
0.0491905788629
0.0983811577259
1.67247968134
0.295143473178
0.393524630903
0.491905788629
0.0983811577259
0.393524630903
1.96762315452
0.0983811577259
0.0983811577259
3.24657820495
1.67247968134
2.45952894315
0.196762315452
1.67247968134
3.73848399358
1.18057389271
4.52553325539
0.196762315452
0.196762315452
0.196762315452
0.491905788629
0.196762315452
0.295143473178
0.491905788629
0.0245952894315
1.17401514886
0.0122976447157
0.0626061912801
1.08219273498
0.885430419533
0.0983811577259
0.0983811577259
1.86924199679
0.0983811577259
0.787049261807
0.491905788629
12.199263558
4.13200862449
0.393524630903
298.193289067
0.983811577259
0.0983811577259
0.295143473178
0.295143473178
0.0983811577259
0.688668104081
0.0983811577259
0.0983811577259
0.032793719242
0.0655874384839
0.229556034694
4.45994581691
17.8069895484
0.0983811577259
0.491905788629
0.0983811577259
0.491905788629
0.196762315452
0.0983811577259
0.0983811577259
0.983811577259
1310.78135496
106.694365554
7.77211146034
0.393524630903
2.80386299519
0.295143473178
4.42715209766
34.7285486772
0.0983811577259
0.147571736589
0.016396859621
0.016396859621
32.3674008918
0.0983811577259
15.0523171321
0.0983811577259
0.295143473178
0.0983811577259
0.0983811577259
4.45994581691
0.229556034694
0.0655874384839
0.032793719242
0.122976447157
4.91905788629
0.393524630903
0.295143473178
68.4732857772
0.590286946355
1.96762315452
0.0983811577259
0.196762315452
1.18057389271
0.137733620816
0.0245952894315
26.9564372169
91.9371918948
1.57409852361
0.0983811577259
13.4782186084
0.737858682944
0.196762315452
36.0402974469
0.032793719242
1.50031265532
0.0491905788629
0.885430419533
2.36114778542
0.0983811577259
0.196762315452
47.6164803393
20.6600431224
0.688668104081
0.0983811577259
4.13200862449
2.55791010087
0.983811577259
0.0983811577259
0.491905788629
0.83623984067
1.50031265532
0.0983811577259
10.1332592458
4.72229557084
25.7758633242
3.24657820495
8.85430419533
0.885430419533
2.16438546997
0.688668104081
0.0983811577259
4.72229557084
51.1582020174
2.95143473178
0.295143473178
8.16563609125
2.36114778542
0.393524630903
0.0983811577259
0.0491905788629
68.4240951983
0.147571736589
0.196762315452
0.147571736589
0.245952894315
0.147571736589
300.947961483
2.11519489111
3.73848399358
0.885430419533
0.688668104081
0.393524630903
6.68991872536
0.0983811577259
0.0983811577259
6.78829988308
0.0983811577259
0.196762315452
952.526369102
49.3873411784
0.934620998396
20.2665184915
0.491905788629
2.55791010087
1.13138331385
0.196762315452
0.442715209766
0.0491905788629
125.829500731
3.19738762609
0.442715209766
259.283541186
0.688668104081
172.035851143
0.0983811577259
0.0702722555185
0.196762315452
2.06600431224
1.47571736589
2.85305357405
7.67373030262
16.3312721825
0.393524630903
0.885430419533
0.016396859621
2.16438546997
0.0983811577259
0.737858682944
0.0491905788629
0.196762315452
0.0491905788629
0.0983811577259
0.0983811577259
0.491905788629
23.0211909078
0.0983811577259
0.0983811577259
0.787049261807
0.295143473178
0.122976447157
4.82067672857
0.0983811577259
12.7895505044
0.295143473178
1.08219273498
0.196762315452
0.0983811577259
29.6127284755
0.196762315452
0.0983811577259
1.08219273498
0.983811577259
0.196762315452
1.27895505044
0.0983811577259
0.0702722555185
0.0140544511037
0.0140544511037
0.0245952894315
0.0702722555185
0.0702722555185
0.0421633533111
0.0140544511037
0.0702722555185
0.0368929341472
0.0421633533111
0.0983811577259
0.787049261807
0.196762315452
20.2665184915
0.393524630903
91.2977143696
0.0983811577259
0.0983811577259
50.4695339134
5.7061071481
0.688668104081
0.0983811577259
0.885430419533
3.34495936268
37.0896964626
65.3742793088
160.656430566
0.245952894315
3.83686515131
0.295143473178
0.393524630903
0.787049261807
14.2652678702
0.0491905788629
0.0186126514616
0.0106358008352
0.00265895020881
0.0140544511037
0.0210816766555
0.0151355627271
0.196762315452
5.7061071481
8.7559230376
0.983811577259
0.0983811577259
0.0983811577259
184.661433051
0.196762315452
0.295143473178
0.0491905788629
39.2540819326
736.874871367
0.270548183746
0.0491905788629
38.3686515131
0.393524630903
0.196762315452
0.787049261807
0.0983811577259
0.196762315452
0.0983811577259
0.295143473178
97.3481555697
0.0983811577259
0.196762315452
0.0491905788629
0.590286946355
0.196762315452
0.0140544511037
0.0702722555185
0.0421633533111
0.0140544511037
0.0245952894315
0.0140544511037
0.0702722555185
0.0702722555185
0.0368929341472
16.134509867
1.86924199679
0.688668104081
36.8929341472
6.98506219854
0.0983811577259
0.0983811577259
1.37733620816
0.295143473178
0.295143473178
18.7908011256
0.0983811577259
3.54172167813
0.0983811577259
0.0983811577259
0.016396859621
0.196762315452
3.73848399358
0.196762315452
0.0491905788629
0.0655874384839
11.0186896653
0.0140544511037
0.0140544511037
91.9371918948
26.9564372169
0.295143473178
0.196762315452
3.73848399358
1.08219273498
0.196762315452
0.295143473178
0.196762315452
2.95143473178
0.0491905788629
0.885430419533
0.0983811577259
97.3481555697
3.24657820495
0.0983811577259
2.6562912586
0.0598841829636
0.196762315452
402.477316256
0.196762315452
0.0983811577259
0.295143473178
0.196762315452
10.2316404035
1.67247968134
1.37733620816
7.09984021588
0.032793719242
80.0002780907
0.0702722555185
0.524699507871
0.393524630903
0.0983811577259
0.0983811577259
0.196762315452
8.65754187988
0.491905788629
1.27895505044
0.491905788629
236.262350279
0.147571736589
53.3225874874
0.0491905788629
3.29576878382
42.8941847685
1.86924199679
1.27895505044
0.0983811577259
0.0983811577259
0.196762315452
0.0491905788629
0.934620998396
0.0491905788629
0.0983811577259
66.5056626227
1.37733620816
4.13200862449
7.77211146034
0.0983811577259
2.16438546997
3.0498158895
1.18057389271
0.196762315452
1.18057389271
0.0983811577259
1.50031265532
36.0402974469
0.032793719242
10.7235461921
13.4782186084
0.83623984067
0.122976447157
0.196762315452
9.93649693031
10.5267838767
51.3549643329
233.950393072
0.885430419533
1.96762315452
15.8393663939
0.0983811577259
8.16563609125
0.0983811577259
0.196762315452
2.55791010087
0.196762315452
0.0983811577259
0.0983811577259
2.36114778542
0.0983811577259
0.0983811577259
0.0140544511037
0.0140544511037
0.0702722555185
0.0245952894315
0.0368929341472
0.0421633533111
0.0421633533111
0.0702722555185
0.0140544511037
0.0702722555185
0.0702722555185
1.13138331385
0.0983811577259
3.34495936268
0.196762315452
0.393524630903
0.0983811577259
2.26276662769
0.393524630903
48.1083861279
0.0983811577259
0.0983811577259
0.295143473178
0.393524630903
0.196762315452
4.82067672857
0.295143473178
24.6796161381
0.0655874384839
0.32793719242
0.168653413244
16.1673035863
985.062423407
0.196762315452
0.0983811577259
0.0983811577259
0.393524630903
6.98506219854
0.787049261807
0.393524630903
0.590286946355
0.491905788629
2.26276662769
0.0983811577259
0.0983811577259
9.19863824737
0.688668104081
0.0983811577259
0.491905788629
0.0491905788629
0.0491905788629
0.245952894315
0.0983811577259
0.426318350145
0.0983811577259
5.50934483265
0.0983811577259
1.96762315452
1.96762315452
0.0983811577259
0.196762315452
0.787049261807
0.295143473178
0.360730911661
1.4101299274
985.062423407
24.6796161381
0.168653413244
0.0983811577259
2.1889807594
0.491905788629
0.0655874384839
0.0983811577259
0.0983811577259
0.787049261807
4.52553325539
0.0983811577259
1.77086083907
1.86924199679
0.0702722555185
0.0245952894315
0.0702722555185
0.0702722555185
0.0421633533111
0.0140544511037
0.0702722555185
0.0140544511037
0.0421633533111
0.0140544511037
0.0368929341472
0.0983811577259
0.590286946355
0.688668104081
57.3562149542
24.398527116
2.95143473178
0.590286946355
15.445841763
0.491905788629
44.7634267653
0.0983811577259
14.8555548166
0.0491905788629
0.393524630903
1.08219273498
8.26401724897
92.7734317355
18.7908011256
378.865838402
74.1302023464
1.37733620816
33.2528313113
0.0983811577259
3174.95672213
0.295143473178
0.0983811577259
1.77086083907
0.787049261807
1.47571736589
0.0983811577259
1.03300215612
0.0983811577259
9.29701940509
0.393524630903
0.0983811577259
1.37733620816
0.0983811577259
0.0983811577259
1.47571736589
0.0983811577259
0.196762315452
4.3779615188
0.0983811577259
0.196762315452
1.08219273498
0.295143473178
0.196762315452
1.27895505044
0.393524630903
0.885430419533
0.787049261807
259.283541186
172.035851143
