rpm
0.0776045734238
0.0291017150339
0.0388022867119
0.0388022867119
0.0582034300678
0.155209146848
0.232813720271
0.81484802095
0.232813720271
0.232813720271
0.116406860136
0.116406860136
0.0388022867119
0.0582034300678
0.155209146848
0.0776045734238
0.0388022867119
0.0291017150339
0.116406860136
0.931254881085
0.116406860136
0.116406860136
0.232813720271
0.116406860136
0.232813720271
0.174610290203
0.232813720271
0.232813720271
0.0776045734238
0.116406860136
0.116406860136
0.232813720271
0.116406860136
0.116406860136
0.116406860136
0.116406860136
0.116406860136
0.116406860136
0.232813720271
0.116406860136
0.349220580407
0.465627440543
0.116406860136
2.56095092298
0.232813720271
0.116406860136
1.16406860136
0.116406860136
0.349220580407
0.698441160814
0.232813720271
0.232813720271
0.116406860136
0.698441160814
0.116406860136
0.116406860136
0.116406860136
0.232813720271
0.582034300678
0.116406860136
0.582034300678
0.116406860136
0.0776045734238
0.0776045734238
0.116406860136
0.116406860136
0.116406860136
0.232813720271
0.116406860136
0.232813720271
0.116406860136
0.116406860136
0.116406860136
0.116406860136
0.349220580407
0.116406860136
0.116406860136
0.698441160814
0.349220580407
0.582034300678
1.16406860136
0.349220580407
1.04766174122
0.232813720271
0.116406860136
0.698441160814
0.349220580407
0.116406860136
0.0388022867119
0.232813720271
0.116406860136
0.232813720271
7.68285276895
0.116406860136
0.116406860136
0.582034300678
0.116406860136
0.116406860136
0.116406860136
0.116406860136
0.116406860136
0.232813720271
0.116406860136
0.582034300678
0.116406860136
0.698441160814
0.232813720271
0.116406860136
0.116406860136
0.349220580407
0.116406860136
0.116406860136
0.349220580407
0.465627440543
0.349220580407
0.116406860136
0.116406860136
0.116406860136
0.291017150339
0.81484802095
0.116406860136
1.39688232163
0.0776045734238
0.0776045734238
0.116406860136
0.698441160814
0.349220580407
0.116406860136
2.79376464326
3.02657836353
5.35471556624
0.116406860136
0.465627440543
0.116406860136
0.116406860136
0.116406860136
0.232813720271
0.116406860136
0.116406860136
0.232813720271
1.51328918176
0.116406860136
0.116406860136
0.116406860136
0.116406860136
0.116406860136
0.116406860136
0.0776045734238
0.698441160814
0.232813720271
0.116406860136
2.91017150339
0.116406860136
0.349220580407
0.116406860136
0.116406860136
0.116406860136
0.582034300678
0.465627440543
0.81484802095
0.232813720271
0.232813720271
0.349220580407
0.931254881085
1.28047546149
0.465627440543
0.116406860136
0.232813720271
0.0291017150339
0.116406860136
0.232813720271
44.7002342921
1.16406860136
0.349220580407
0.232813720271
0.0776045734238
0.0388022867119
0.0388022867119
0.0291017150339
0.155209146848
0.116406860136
0.116406860136
0.0776045734238
0.0776045734238
0.232813720271
0.116406860136
0.232813720271
0.349220580407
0.116406860136
0.116406860136
