rpm
0.116406860136
0.465627440543
0.116406860136
14.0852300764
1.6296960419
0.0388022867119
0.0194011433559
0.0582034300678
77.1777482699
0.465627440543
0.116406860136
0.116406860136
0.232813720271
0.116406860136
0.116406860136
0.232813720271
0.116406860136
75.9554762385
0.232813720271
117.454521877
0.465627440543
0.116406860136
15.482112398
105.231801563
2745.68861002
3121.91558198
44.2346068515
4.19064696488
1.04766174122
0.116406860136
0.116406860136
0.0291017150339
0.203712005237
0.116406860136
0.116406860136
2.67735778312
3.02657836353
1.51328918176
1.28047546149
226.702360114
186.09576707
0.81484802095
0.349220580407
1398.68662796
4.77268126556
2.61915435305
2.09532348244
43.8853862711
109.306041667
14.6672643771
0.116406860136
0.116406860136
0.116406860136
0.116406860136
23.7469994677
0.640237730746
12.2227203142
1.16406860136
8.4977007899
0.116406860136
0.116406860136
0.81484802095
0.582034300678
0.116406860136
0.174610290203
0.349220580407
0.0317473254915
0.0363771437924
1.17958951604
0.349220580407
0.582034300678
0.116406860136
0.116406860136
0.232813720271
70.1933366618
4.48166411522
1.51328918176
0.0582034300678
0.291017150339
0.291017150339
0.232813720271
11.44667458
1.16406860136
0.116406860136
26.3079503907
0.0776045734238
0.0388022867119
0.116406860136
0.116406860136
0.349220580407
0.116406860136
12.6883477548
41.3244353482
0.931254881085
0.232813720271
6.868004748
1.16406860136
6.05315672705
51.0444081695
43.3033519705
0.116406860136
0.0582034300678
246.782543488
0.232813720271
5.2383087061
0.349220580407
0.014550857517
0.0727542875848
0.0498886543438
0.0665182057918
0.0997773086877
0.0831477572397
0.0166295514479
0.0332591028959
0.0498886543438
0.0166295514479
0.0166295514479
0.0498886543438
1.39688232163
0.465627440543
53.6635625225
0.52383087061
0.116406860136
2.67735778312
1.22227203142
3.49220580407
0.989458311153
1.04766174122
0.0332591028959
20.9532348244
904.115453122
22.1838216316
0.116406860136
154.12268282
2.44454406285
143.296844827
71.5902189834
0.0332591028959
4.48166411522
0.0582034300678
0.0582034300678
0.698441160814
0.349220580407
0.0582034300678
0.232813720271
0.0582034300678
8.03207334936
7.91566648922
0.116406860136
4.2294492516
0.0582034300678
2.79376464326
0.116406860136
3.18178751037
1.74610290203
207.320617902
123.507678604
2.67735778312
0.116406860136
0.465627440543
0.116406860136
21.7680828454
1.04766174122
0.465627440543
0.116406860136
1.39688232163
0.116406860136
0.116406860136
0.291017150339
0.0582034300678
0.0582034300678
0.291017150339
0.582034300678
0.349220580407
2.67735778312
0.349220580407
0.116406860136
0.0363771437924
1.17958951604
0.0317473254915
0.0582034300678
0.0582034300678
0.232813720271
0.582034300678
0.116406860136
3.84142638448
14.0852300764
2.44454406285
0.0388022867119
0.116406860136
4.50106525858
0.194011433559
0.194011433559
0.116406860136
0.116406860136
2.56095092298
0.116406860136
1.04766174122
0.194011433559
0.194011433559
0.0388022867119
0.116406860136
4.50106525858
0.582034300678
0.465627440543
0.116406860136
0.116406860136
0.465627440543
16.0641466987
20.604014244
50.2877635786
0.0582034300678
0.0332591028959
4.48166411522
316.743066429
0.698441160814
71.5902189834
13.8524163561
0.0332591028959
9.85578082482
0.0776045734238
0.0388022867119
0.0388022867119
0.0388022867119
0.0388022867119
0.116406860136
5.29651213617
0.81484802095
4.53986754529
0.0582034300678
0.640237730746
0.291017150339
0.0332591028959
0.232813720271
0.116406860136
5.29651213617
4.19064696488
5.29651213617
4.19064696488
0.116406860136
0.116406860136
0.582034300678
5.58752928651
0.349220580407
0.582034300678
0.116406860136
0.0776045734238
26.3079503907
1.16406860136
0.0388022867119
11.44667458
0.116406860136
0.349220580407
0.116406860136
0.116406860136
0.232813720271
0.232813720271
0.116406860136
0.116406860136
3.6086126642
0.232813720271
0.116406860136
8.03207334936
7.91566648922
0.0582034300678
0.232813720271
0.0582034300678
0.116406860136
4.50106525858
0.0388022867119
0.116406860136
0.194011433559
0.194011433559
2.32813720271
0.116406860136
0.116406860136
0.116406860136
0.116406860136
0.0166295514479
0.0179087477132
2.91017150339
0.232813720271
0.116406860136
0.116406860136
0.116406860136
0.232813720271
6.05315672705
1.16406860136
0.174610290203
7.91566648922
3.55040923414
39.9275530265
0.931254881085
0.0582034300678
1.39688232163
0.582034300678
90.3317234653
0.349220580407
5.70393614665
0.582034300678
0.465627440543
0.465627440543
3.6086126642
403.931804671
3.72501952434
0.116406860136
0.349220580407
0.232813720271
0.116406860136
0.931254881085
0.349220580407
1.39688232163
3.49220580407
7.45003904868
21.0696416846
609.739133391
3.02657836353
0.116406860136
0.0831477572397
0.014550857517
0.0727542875848
0.0166295514479
0.0332591028959
0.014550857517
0.0498886543438
0.0166295514479
0.0997773086877
0.0498886543438
0.582034300678
0.116406860136
0.582034300678
39.1127050056
0.116406860136
0.232813720271
8.96332823044
1.51328918176
0.0776045734238
0.0776045734238
0.0388022867119
0.194011433559
3.33699665722
0.116406860136
2.44454406285
0.349220580407
0.465627440543
1.39688232163
0.116406860136
0.232813720271
1.28047546149
2.32813720271
0.81484802095
0.465627440543
4.19064696488
0.582034300678
24.911068069
0.116406860136
4.77268126556
2.56095092298
1.28047546149
0.0332591028959
0.0498886543438
0.0166295514479
0.0166295514479
0.0665182057918
0.0166295514479
0.0997773086877
0.0727542875848
0.0498886543438
0.0498886543438
0.014550857517
0.0831477572397
0.698441160814
1.28047546149
0.232813720271
0.232813720271
2.26993377265
0.0582034300678
0.232813720271
39.9275530265
0.931254881085
3.55040923414
0.116406860136
3.49220580407
5.12190184597
0.349220580407
0.349220580407
10.9422448528
1.74610290203
60.1823466901
1.16406860136
0.698441160814
3.84142638448
10.0109899717
0.349220580407
0.116406860136
11.8734997338
0.116406860136
0.116406860136
0.116406860136
1.16406860136
0.349220580407
2.67735778312
0.203712005237
0.116406860136
33.9325997295
0.232813720271
0.873051451017
4.07424010475
0.116406860136
6.46058073753
0.0582034300678
29.0435116038
0.756644590882
0.0582034300678
0.349220580407
1.51328918176
0.0332591028959
0.232813720271
19.6339570762
0.0776045734238
0.116406860136
0.116406860136
22.1838216316
904.115453122
0.116406860136
0.232813720271
0.116406860136
0.81484802095
8.96332823044
76.0136796686
6167.58467057
0.582034300678
96.5012870524
78.5746305916
0.00298479128553
0.00943839406505
0.0251690508401
0.116406860136
63.9073662145
0.116406860136
0.232813720271
0.232813720271
0.349220580407
6.28597044732
0.232813720271
0.465627440543
1.16406860136
0.465627440543
0.349220580407
0.232813720271
0.116406860136
7.21722532841
0.116406860136
0.0332591028959
71.5902189834
0.0388022867119
4.48166411522
0.543232013966
1.86250976217
0.582034300678
0.116406860136
0.116406860136
0.0582034300678
0.0388022867119
2.44454406285
0.291017150339
0.203712005237
455.616450571
0.1265291958
0.349220580407
2.09532348244
0.116406860136
0.116406860136
0.698441160814
0.232813720271
0.465627440543
0.0582034300678
77.1777482699
18.857911342
3.84142638448
0.116406860136
2.32813720271
1.28047546149
0.0388022867119
2.44454406285
1.51328918176
0.0776045734238
3.33699665722
0.0776045734238
0.194011433559
0.116406860136
15.0164849575
0.116406860136
2.09532348244
0.698441160814
8.4977007899
0.349220580407
7.45003904868
0.582034300678
0.116406860136
0.582034300678
0.116406860136
0.349220580407
0.116406860136
0.116406860136
0.116406860136
10.5930242723
530.582468498
25.9587298102
0.116406860136
2.09532348244
142.831217386
0.465627440543
0.0582034300678
0.0582034300678
0.232813720271
1.74610290203
0.756644590882
0.0582034300678
35.9697197819
0.465627440543
5.70393614665
1321.74169341
0.116406860136
29.9165630549
13636.13241
0.407424010475
0.0582034300678
0.756644590882
0.116406860136
0.232813720271
0.232813720271
0.116406860136
2.44454406285
2.21173034258
0.349220580407
0.0436525725509
0.0698441160814
0.0232813720271
4.65627440543
13.9688232163
1.28047546149
24.2126269082
0.989458311153
0.116406860136
2.44454406285
540.41884818
0.52383087061
0.291017150339
6.80980131794
0.116406860136
23.2813720271
28.286867013
0.465627440543
5.82034300678
0.116406860136
11.989906594
48.1924400962
306.382855877
269.598288074
0.465627440543
3.02657836353
0.116406860136
3.95783324461
12.5719408946
997.839605083
45.1076583026
0.582034300678
31.0806316562
0.0194011433559
0.116406860136
0.232813720271
9.31254881085
3.37579894393
18.1594701812
1935.84608406
0.582034300678
47.0283714948
5.93674986692
1.04766174122
0.349220580407
0.349220580407
0.0332591028959
2.21173034258
2.44454406285
0.116406860136
0.232813720271
0.582034300678
0.81484802095
4.07424010475
0.116406860136
186.09576707
3.84142638448
0.582034300678
0.0727542875848
0.0166295514479
0.0166295514479
0.014550857517
0.0166295514479
0.0665182057918
0.0831477572397
0.0498886543438
0.0498886543438
0.0332591028959
0.0498886543438
0.0997773086877
0.349220580407
0.465627440543
0.232813720271
11.4078722933
1.04766174122
0.465627440543
8.26488706963
1.04766174122
7.91566648922
0.232813720271
0.232813720271
1.6296960419
8.96332823044
58.9018712286
1.97891662231
0.116406860136
0.698441160814
4.48166411522
0.0388022867119
71.5902189834
0.543232013966
0.0332591028959
13.5031957757
28.0540532927
0.116406860136
0.232813720271
1.28047546149
0.81484802095
0.582034300678
2.21173034258
0.81484802095
0.0582034300678
0.0582034300678
0.931254881085
0.0582034300678
0.582034300678
0.116406860136
0.349220580407
0.116406860136
109.306041667
4.42346068515
2.61915435305
15.5985192582
1398.68662796
5.58752928651
260.984180424
25.9587298102
0.232813720271
2.44454406285
0.116406860136
69.3202852108
10.0691934017
1.22227203142
0.116406860136
53.6635625225
1.04766174122
2.67735778312
0.989458311153
0.52383087061
3.49220580407
0.465627440543
0.116406860136
0.465627440543
0.0332591028959
0.232813720271
0.232813720271
0.116406860136
0.81484802095
0.465627440543
0.582034300678
186.09576707
0.116406860136
226.702360114
0.931254881085
0.0582034300678
10.0691934017
0.116406860136
69.3202852108
0.232813720271
3.3466972289
0.0291017150339
2.79376464326
0.232813720271
0.349220580407
0.349220580407
22.9321514467
4.30705382502
1.6296960419
0.232813720271
0.465627440543
3.72501952434
2.44454406285
2.32813720271
5.47112242638
2.44454406285
3.02657836353
1.04766174122
0.0776045734238
22.1838216316
19.6339570762
0.116406860136
904.115453122
0.116406860136
0.465627440543
0.116406860136
33.9325997295
0.116406860136
0.203712005237
0.232813720271
0.0582034300678
0.0332591028959
0.116406860136
0.931254881085
0.0498886543438
0.0498886543438
0.0665182057918
0.0166295514479
0.0727542875848
0.0997773086877
0.0166295514479
0.0498886543438
0.0831477572397
0.014550857517
0.0166295514479
0.0332591028959
0.116406860136
0.232813720271
0.116406860136
0.116406860136
0.698441160814
0.582034300678
0.116406860136
0.116406860136
3.37579894393
5.70393614665
0.349220580407
0.0388022867119
1.12526631464
0.116406860136
0.465627440543
1.74610290203
2.44454406285
1.28047546149
0.349220580407
1.28047546149
0.465627440543
0.349220580407
0.349220580407
0.232813720271
0.232813720271
79.3894786125
262.264655886
0.116406860136
1.16406860136
0.81484802095
0.232813720271
0.698441160814
1.39688232163
2.44454406285
0.116406860136
904.115453122
0.0776045734238
22.1838216316
0.81484802095
0.116406860136
0.349220580407
0.0776045734238
9.85578082482
0.116406860136
0.116406860136
1.6296960419
138.291349841
0.349220580407
2.79376464326
0.116406860136
0.116406860136
0.349220580407
0.232813720271
0.465627440543
0.116406860136
48.076033236
27.8212395724
3.84142638448
0.582034300678
3.49220580407
8.61410765004
0.116406860136
19.3235387825
0.465627440543
0.465627440543
997.839605083
3.37579894393
45.1076583026
5.12190184597
0.116406860136
9.07973509058
0.349220580407
0.582034300678
74.3839836267
0.116406860136
26.928786978
0.116406860136
0.0582034300678
0.81484802095
5.29651213617
0.0582034300678
0.232813720271
0.232813720271
1.86250976217
0.174610290203
0.349220580407
0.349220580407
5.93674986692
0.931254881085
2.79376464326
0.465627440543
0.232813720271
0.232813720271
0.291017150339
0.0582034300678
1.4550857517
0.174610290203
0.0582034300678
1.86250976217
0.232813720271
0.465627440543
5.12190184597
0.349220580407
0.756644590882
57.0393614665
0.81484802095
3370.56063523
0.232813720271
68.7964543402
41.208028488
1.74610290203
1.04766174122
1.04766174122
4.30705382502
0.698441160814
0.116406860136
8.84692137031
0.116406860136
0.116406860136
0.465627440543
1.39688232163
0.0776045734238
22.1838216316
904.115453122
0.116406860136
2.44454406285
0.116406860136
0.931254881085
14.3180437967
26.3079503907
9.19614195072
11.44667458
0.0388022867119
1.16406860136
0.0776045734238
0.640237730746
0.232813720271
0.698441160814
0.349220580407
0.232813720271
0.116406860136
0.232813720271
0.116406860136
2.91017150339
0.116406860136
0.349220580407
0.116406860136
3.95783324461
0.698441160814
0.116406860136
76.9449345497
1.6296960419
0.232813720271
1.39688232163
8.90512480038
0.116406860136
0.116406860136
0.582034300678
0.116406860136
2.09532348244
0.465627440543
4.07424010475
0.232813720271
1184.55620874
0.582034300678
0.0291017150339
0.0194011433559
5539.16223612
3.434002374
0.873051451017
16.0641466987
3.78322295441
3.72501952434
153.948072529
1.10586517129
3.08478179359
0.640237730746
8.84692137031
0.349220580407
229.787141908
42.7213176698
0.116406860136
13.2703820555
1.51328918176
14.6672643771
0.232813720271
5.58752928651
0.174610290203
0.116406860136
0.116406860136
22.1838216316
0.116406860136
0.0776045734238
2.44454406285
904.115453122
29.0435116038
0.0582034300678
4.07424010475
0.116406860136
0.0582034300678
0.873051451017
0.756644590882
6.46058073753
0.465627440543
0.232813720271
0.349220580407
0.0831477572397
0.0997773086877
0.014550857517
0.0166295514479
0.014550857517
0.0498886543438
0.0498886543438
0.0166295514479
0.0727542875848
0.0332591028959
4.2294492516
3.18178751037
0.582034300678
0.116406860136
1.51328918176
75.9554762385
0.116406860136
0.349220580407
0.116406860136
0.232813720271
0.465627440543
3.49220580407
0.349220580407
0.116406860136
9.07973509058
0.349220580407
0.465627440543
0.465627440543
0.349220580407
9.07973509058
0.116406860136
0.232813720271
0.116406860136
28.6360875934
0.349220580407
0.0388022867119
0.203712005237
0.291017150339
0.0582034300678
2.44454406285
0.0388022867119
0.116406860136
0.465627440543
2.91017150339
1.04766174122
3.02657836353
2.91017150339
1.16406860136
0.465627440543
0.116406860136
0.116406860136
70.1933366618
38.0650432644
197.77525537
4.48166411522
3.6086126642
0.81484802095
2.21173034258
0.349220580407
1.51328918176
0.116406860136
20.3712005237
37.1337883833
0.232813720271
0.232813720271
0.465627440543
0.232813720271
7.56644590882
0.116406860136
0.116406860136
0.388022867119
0.116406860136
22.1838216316
0.116406860136
904.115453122
1.39688232163
0.0776045734238
19.6339570762
0.116406860136
0.232813720271
12.3391271744
1.39688232163
0.931254881085
0.0582034300678
71.5902189834
4.48166411522
0.0332591028959
0.0582034300678
195.330711308
0.349220580407
0.349220580407
688.546577702
0.116406860136
0.116406860136
36.1443300721
1.6296960419
0.232813720271
0.698441160814
0.116406860136
0.81484802095
5.82034300678
0.349220580407
0.116406860136
0.0332591028959
3.84142638448
0.931254881085
0.349220580407
1.97891662231
6.63519102773
1.39688232163
58.0870232077
0.116406860136
2.44454406285
540.41884818
6.80980131794
0.291017150339
0.52383087061
0.989458311153
0.116406860136
0.698441160814
0.232813720271
68.7964543402
115.009977814
1.04766174122
0.116406860136
15.7149261183
2.32813720271
0.465627440543
8.61410765004
0.116406860136
4.8890881257
0.116406860136
0.116406860136
0.116406860136
0.116406860136
1.97891662231
34.9220580407
0.698441160814
2.32813720271
24.0962200481
129.910055911
0.116406860136
0.232813720271
0.291017150339
0.174610290203
0.0582034300678
1.4550857517
0.232813720271
0.0582034300678
0.0194011433559
0.0388022867119
10.2438036919
15.1328918176
789.93695288
41.5572490684
0.116406860136
0.349220580407
0.116406860136
31.1970385164
12.2227203142
6.05315672705
0.0291017150339
0.203712005237
0.0291017150339
0.203712005237
6.05315672705
92.7762675281
0.232813720271
15.0164849575
0.698441160814
9.07973509058
0.349220580407
0.232813720271
0.756644590882
39.461925586
0.116406860136
5.58752928651
643.26430911
0.116406860136
13875.5813213
14.4344506568
1321.74169341
0.0582034300678
246.782543488
51.0444081695
1.16406860136
5.2383087061
43.3033519705
0.116406860136
8.90512480038
1.39688232163
0.0582034300678
0.698441160814
0.116406860136
0.116406860136
71.5902189834
0.0332591028959
0.0388022867119
0.543232013966
4.48166411522
0.116406860136
0.349220580407
0.232813720271
0.232813720271
0.203712005237
0.0291017150339
1.28047546149
0.349220580407
1.51328918176
26.928786978
0.0582034300678
74.3839836267
0.174610290203
3.18178751037
0.0582034300678
4.2294492516
2.79376464326
0.116406860136
0.116406860136
0.349220580407
2.44454406285
0.232813720271
0.582034300678
0.174610290203
111.110347999
0.291017150339
5.00549498583
26.928786978
0.0582034300678
0.349220580407
42.022876509
0.349220580407
4.53986754529
0.116406860136
61.5792290118
16.0641466987
5539.16223612
1.10586517129
3.72501952434
3.78322295441
153.948072529
3.434002374
3.08478179359
0.640237730746
0.873051451017
0.0194011433559
9.85578082482
0.0776045734238
0.931254881085
2.56095092298
4.65627440543
0.116406860136
0.232813720271
2.44454406285
0.232813720271
0.388022867119
0.116406860136
2.26993377265
