rpm
0.0983811577259
0.393524630903
0.295143473178
0.196762315452
0.0983811577259
6.00125062128
0.0983811577259
0.0983811577259
0.0983811577259
1.47571736589
0.196762315452
1.86924199679
0.0983811577259
0.196762315452
0.295143473178
0.0655874384839
0.0983811577259
1.18057389271
0.491905788629
0.0983811577259
5.11582020174
0.196762315452
0.0983811577259
0.0983811577259
0.295143473178
0.295143473178
0.0983811577259
0.0983811577259
0.0983811577259
0.0983811577259
0.0983811577259
0.0983811577259
0.0983811577259
0.295143473178
0.0983811577259
0.196762315452
0.196762315452
0.131174876968
0.393524630903
0.131174876968
0.787049261807
1.08219273498
0.0983811577259
0.196762315452
0.0983811577259
2.45952894315
0.295143473178
0.0983811577259
0.0983811577259
0.196762315452
0.0983811577259
0.0983811577259
0.0983811577259
0.0983811577259
0.196762315452
0.295143473178
0.0983811577259
0.0983811577259
0.0983811577259
1.08219273498
0.393524630903
0.0491905788629
1.67247968134
0.0655874384839
0.295143473178
0.0983811577259
0.0983811577259
0.0983811577259
0.0983811577259
0.0983811577259
0.393524630903
0.590286946355
0.196762315452
0.983811577259
0.0983811577259
0.196762315452
0.196762315452
0.0983811577259
0.196762315452
0.983811577259
0.0983811577259
1.57409852361
0.0983811577259
0.688668104081
0.196762315452
0.196762315452
0.0983811577259
0.0983811577259
0.0983811577259
0.0491905788629
0.196762315452
0.196762315452
0.393524630903
0.0983811577259
0.196762315452
0.393524630903
0.0983811577259
0.0983811577259
0.0983811577259
0.0983811577259
0.0983811577259
0.0983811577259
0.032793719242
0.032793719242
0.032793719242
0.196762315452
0.0983811577259
0.196762315452
0.0655874384839
0.0983811577259
0.295143473178
0.393524630903
0.0983811577259
0.393524630903
0.885430419533
0.196762315452
0.196762315452
0.0983811577259
0.0983811577259
0.0983811577259
0.295143473178
1.08219273498
0.688668104081
0.196762315452
0.295143473178
0.688668104081
1.37733620816
0.196762315452
0.0983811577259
0.393524630903
0.0983811577259
0.295143473178
0.295143473178
0.590286946355
0.491905788629
0.0983811577259
0.196762315452
0.0983811577259
0.0983811577259
0.590286946355
0.0983811577259
0.491905788629
0.196762315452
0.0983811577259
0.0983811577259
0.0983811577259
0.0983811577259
0.0983811577259
0.0983811577259
0.196762315452
0.0983811577259
0.295143473178
0.295143473178
0.196762315452
0.0983811577259
0.0983811577259
0.0983811577259
0.0983811577259
0.0983811577259
0.0983811577259
1.47571736589
0.0983811577259
0.0983811577259
0.0983811577259
0.0983811577259
0.0983811577259
0.295143473178
0.295143473178
0.196762315452
0.393524630903
0.688668104081
0.0983811577259
0.196762315452
0.0983811577259
0.295143473178
0.0983811577259
0.295143473178
0.0983811577259
0.0491905788629
0.032793719242
0.032793719242
0.0983811577259
0.0983811577259
0.0983811577259
0.0983811577259
0.0983811577259
0.393524630903
0.196762315452
1.77086083907
0.196762315452
0.0983811577259
56.4707845346
0.590286946355
0.0983811577259
0.0983811577259
0.393524630903
0.196762315452
0.0983811577259
0.0491905788629
0.032793719242
0.0983811577259
0.032793719242
0.295143473178
0.885430419533
0.491905788629
0.0983811577259
0.0983811577259
0.0983811577259
0.0983811577259
0.0983811577259
0.0983811577259
0.032793719242
0.032793719242
0.196762315452
0.295143473178
